8.242676258087158203e-01 3.011797070503234863e-01
8.286499977111816406e-01 3.062935769557952881e-01
8.327599763870239258e-01 3.114196360111236572e-01
8.365980386734008789e-01 3.165539503097534180e-01
8.401651382446289062e-01 3.216919302940368652e-01
8.434623479843139648e-01 3.268295824527740479e-01
8.464912176132202148e-01 3.319628536701202393e-01
8.492531776428222656e-01 3.370878994464874268e-01
8.517501950263977051e-01 3.422011435031890869e-01
8.539845347404479980e-01 3.472983837127685547e-01
8.559584617614746094e-01 3.523766398429870605e-01
8.576746582984924316e-01 3.574320077896118164e-01
8.591355085372924805e-01 3.624615073204040527e-01
8.603441715240478516e-01 3.674619495868682861e-01
8.613038063049316406e-01 3.724299669265747070e-01
8.620172739028930664e-01 3.773630261421203613e-01
8.624883890151977539e-01 3.822578787803649902e-01
8.627203106880187988e-01 3.871120214462280273e-01
8.627166748046875000e-01 3.919228911399841309e-01
8.624812960624694824e-01 3.966878652572631836e-01
8.620178103446960449e-01 4.014047682285308838e-01
8.613302111625671387e-01 4.060713350772857666e-01
8.604222536087036133e-01 4.106851816177368164e-01
8.592981696128845215e-01 4.152446091175079346e-01
8.579619526863098145e-01 4.197473227977752686e-01
8.564177751541137695e-01 4.241916835308074951e-01
8.546695709228515625e-01 4.285761117935180664e-01
8.527215719223022461e-01 4.328986704349517822e-01
8.505780696868896484e-01 4.371579885482788086e-01
8.482432365417480469e-01 4.413527846336364746e-01
8.457211256027221680e-01 4.454814791679382324e-01
8.430162668228149414e-01 4.495428204536437988e-01
8.401325345039367676e-01 4.535357058048248291e-01
8.370742797851562500e-01 4.574590027332305908e-01
8.338456153869628906e-01 4.613116681575775146e-01
8.304508924484252930e-01 4.650928080081939697e-01
8.268941044807434082e-01 4.688015878200531006e-01
8.231793045997619629e-01 4.724369943141937256e-01
8.193105459213256836e-01 4.759984612464904785e-01
8.152920603752136230e-01 4.794853329658508301e-01
8.111278414726257324e-01 4.828969240188598633e-01
8.068215847015380859e-01 4.862326383590698242e-01
8.023775219917297363e-01 4.894919991493225098e-01
7.977992892265319824e-01 4.926746189594268799e-01
7.930907607078552246e-01 4.957799911499023438e-01
7.882558703422546387e-01 4.988079071044921875e-01
7.832981944084167480e-01 5.017578601837158203e-01
7.782214879989624023e-01 5.046298503875732422e-01
7.730293273925781250e-01 5.074234604835510254e-01
7.677251696586608887e-01 5.101383924484252930e-01
7.623127102851867676e-01 5.127747058868408203e-01
7.567953467369079590e-01 5.153322815895080566e-01
7.511764764785766602e-01 5.178108811378479004e-01
7.454594373703002930e-01 5.202105045318603516e-01
7.396475076675415039e-01 5.225312709808349609e-01
7.337438464164733887e-01 5.247729420661926270e-01
7.277518510818481445e-01 5.269356369972229004e-01
7.216745018959045410e-01 5.290194153785705566e-01
7.155148983001708984e-01 5.310241580009460449e-01
7.092760205268859863e-01 5.329502820968627930e-01
7.029609084129333496e-01 5.347975492477416992e-01
6.965724229812622070e-01 5.365663170814514160e-01
6.901134848594665527e-01 5.382565259933471680e-01
6.835868954658508301e-01 5.398684740066528320e-01
6.769953370094299316e-01 5.414022207260131836e-01
6.703416109085083008e-01 5.428579449653625488e-01
6.636283397674560547e-01 5.442357659339904785e-01
6.568582653999328613e-01 5.455359220504760742e-01
6.500338912010192871e-01 5.467586517333984375e-01
6.431577205657958984e-01 5.479039549827575684e-01
6.362322568893432617e-01 5.489722490310668945e-01
6.292600631713867188e-01 5.499635934829711914e-01
6.222434639930725098e-01 5.508782267570495605e-01
6.151849627494812012e-01 5.517163276672363281e-01
6.080867648124694824e-01 5.524783134460449219e-01
6.009513139724731445e-01 5.531640648841857910e-01
5.937807559967041016e-01 5.537740588188171387e-01
5.865774750709533691e-01 5.543083548545837402e-01
5.793436765670776367e-01 5.547672510147094727e-01
5.720815062522888184e-01 5.551509857177734375e-01
5.647931098937988281e-01 5.554596781730651855e-01
5.574808120727539062e-01 5.556936264038085938e-01
5.501465797424316406e-01 5.558528900146484375e-01
5.427925586700439453e-01 5.559380054473876953e-01
5.354208350181579590e-01 5.559488534927368164e-01
5.280335545539855957e-01 5.558856725692749023e-01
5.206326842308044434e-01 5.557487607002258301e-01
5.132203698158264160e-01 5.555383563041687012e-01
5.057985186576843262e-01 5.552545189857482910e-01
4.983693361282348633e-01 5.548976063728332520e-01
4.909345209598541260e-01 5.544677376747131348e-01
4.834963977336883545e-01 5.539650321006774902e-01
4.760569036006927490e-01 5.533896684646606445e-01
4.686178565025329590e-01 5.527419447898864746e-01
4.611815512180328369e-01 5.520219802856445312e-01
4.537497162818908691e-01 5.512299537658691406e-01
4.463244974613189697e-01 5.503660440444946289e-01
4.389079213142395020e-01 5.494304299354553223e-01
4.315019249916076660e-01 5.484231114387512207e-01
4.241085052490234375e-01 5.473446249961853027e-01
4.167298078536987305e-01 5.461948513984680176e-01
4.093677699565887451e-01 5.449739694595336914e-01
4.020244777202606201e-01 5.436822772026062012e-01
3.947020471096038818e-01 5.423198342323303223e-01
3.874025046825408936e-01 5.408868789672851562e-01
3.801279664039611816e-01 5.393835902214050293e-01
3.728805780410766602e-01 5.378100275993347168e-01
3.656624257564544678e-01 5.361664295196533203e-01
3.584757745265960693e-01 5.344529747962951660e-01
3.513226211071014404e-01 5.326697826385498047e-01
3.442054092884063721e-01 5.308172106742858887e-01
3.371262550354003906e-01 5.288951992988586426e-01
3.300875127315521240e-01 5.269041061401367188e-01
3.230913579463958740e-01 5.248440504074096680e-01
3.161402046680450439e-01 5.227152705192565918e-01
3.092364966869354248e-01 5.205180048942565918e-01
3.023825287818908691e-01 5.182524919509887695e-01
2.955808043479919434e-01 5.159188508987426758e-01
2.888337075710296631e-01 5.135173797607421875e-01
2.821438610553741455e-01 5.110483765602111816e-01
2.755138874053955078e-01 5.085120797157287598e-01
2.689462602138519287e-01 5.059087872505187988e-01
2.624436914920806885e-01 5.032387971878051758e-01
2.560089230537414551e-01 5.005024075508117676e-01
2.496444433927536011e-01 4.976999461650848389e-01
2.433533966541290283e-01 4.948317706584930420e-01
2.371384650468826294e-01 4.918982386589050293e-01
2.310024201869964600e-01 4.888999164104461670e-01
2.249483913183212280e-01 4.858369827270507812e-01
2.189792990684509277e-01 4.827100932598114014e-01
2.130981087684631348e-01 4.795195460319519043e-01
2.073079049587249756e-01 4.762658476829528809e-01
2.016119062900543213e-01 4.729497134685516357e-01
1.960133612155914307e-01 4.695716500282287598e-01
1.905154287815093994e-01 4.661321341991424561e-01
1.851214170455932617e-01 4.626319110393524170e-01
1.798347830772399902e-01 4.590715765953063965e-01
1.746587306261062622e-01 4.554519951343536377e-01
1.695968508720397949e-01 4.517738521099090576e-01
1.646526753902435303e-01 4.480378925800323486e-01
1.598297655582427979e-01 4.442449808120727539e-01
1.551316529512405396e-01 4.403961300849914551e-01
1.505621373653411865e-01 4.364920854568481445e-01
1.461249291896820068e-01 4.325340688228607178e-01
1.418236792087554932e-01 4.285229742527008057e-01
1.376622170209884644e-01 4.244599938392639160e-01
1.336444318294525146e-01 4.203462302684783936e-01
1.297742128372192383e-01 4.161830842494964600e-01
1.260555386543273926e-01 4.119716882705688477e-01
1.224922612309455872e-01 4.077133238315582275e-01
1.190884634852409363e-01 4.034096300601959229e-01
1.158483475446701050e-01 3.990620970726013184e-01
1.127754449844360352e-01 3.946721851825714111e-01
1.098744347691535950e-01 3.902415335178375244e-01
1.071490719914436340e-01 3.857719600200653076e-01
1.046035289764404297e-01 3.812653124332427979e-01
1.022420972585678101e-01 3.767233788967132568e-01
1.000685468316078186e-01 3.721480667591094971e-01
9.808716177940368652e-02 3.675415217876434326e-01
9.630219638347625732e-02 3.629059791564941406e-01
9.471759200096130371e-02 3.582434654235839844e-01
9.333752840757369995e-02 3.535563945770263672e-01
9.216588735580444336e-02 3.488473594188690186e-01
9.120663255453109741e-02 3.441184759140014648e-01
9.046400338411331177e-02 3.393727838993072510e-01
8.994154632091522217e-02 3.346126973628997803e-01
8.964347839355468750e-02 3.298410177230834961e-01
8.957324177026748657e-02 3.250607550144195557e-01
8.973474800586700439e-02 3.202748894691467285e-01
9.013124555349349976e-02 3.154863715171813965e-01
9.076663106679916382e-02 3.106983602046966553e-01
9.164389222860336304e-02 3.059144616127014160e-01
9.276650846004486084e-02 3.011375963687896729e-01
9.413753449916839600e-02 2.963714897632598877e-01
9.575989097356796265e-02 2.916198074817657471e-01
9.763622283935546875e-02 2.868859469890594482e-01
9.976956248283386230e-02 2.821737527847290039e-01
1.021618843078613281e-01 2.774869501590728760e-01
1.048156842589378357e-01 2.728295922279357910e-01
1.077327802777290344e-01 2.682057023048400879e-01
1.109154373407363892e-01 2.636193037033081055e-01
1.143643707036972046e-01 2.590743899345397949e-01
1.180815398693084717e-01 2.545754313468933105e-01
1.220677867531776428e-01 2.501265406608581543e-01
1.263237893581390381e-01 2.457319796085357666e-01
1.308500766754150391e-01 2.413962632417678833e-01
1.356468200683593750e-01 2.371238023042678833e-01
1.407137811183929443e-01 2.329190671443939209e-01
1.460505425930023193e-01 2.287864834070205688e-01
1.516563743352890015e-01 2.247309237718582153e-01
1.575296819210052490e-01 2.207564264535903931e-01
1.636693775653839111e-01 2.168680280447006226e-01
1.700732856988906860e-01 2.130697071552276611e-01
1.767391562461853027e-01 2.093667089939117432e-01
1.836643517017364502e-01 2.057629674673080444e-01
1.908457875251770020e-01 2.022633552551269531e-01
1.982797533273696899e-01 1.988719552755355835e-01
2.059626281261444092e-01 1.955935209989547729e-01
2.138900011777877808e-01 1.924323737621307373e-01
2.220571935176849365e-01 1.893925219774246216e-01
