4.569133520126342773e-01 8.758702278137207031e-01
4.552273452281951904e-01 8.750999569892883301e-01
4.535347819328308105e-01 8.742932677268981934e-01
4.518357515335083008e-01 8.734493255615234375e-01
4.501304626464843750e-01 8.725685477256774902e-01
4.484190940856933594e-01 8.716506958007812500e-01
4.467016458511352539e-01 8.706954717636108398e-01
4.449782967567443848e-01 8.697031140327453613e-01
4.432491958141326904e-01 8.686733841896057129e-01
4.415145218372344971e-01 8.676059842109680176e-01
4.397742450237274170e-01 8.665010333061218262e-01
4.380286931991577148e-01 8.653585314750671387e-01
4.362779557704925537e-01 8.641781210899353027e-01
4.345220923423767090e-01 8.629598617553710938e-01
4.327613711357116699e-01 8.617037534713745117e-01
4.309958219528198242e-01 8.604097366333007812e-01
4.292256832122802734e-01 8.590775132179260254e-01
4.274510443210601807e-01 8.577073216438293457e-01
4.256720244884490967e-01 8.562989830970764160e-01
4.238889217376708984e-01 8.548521399497985840e-01
4.221017658710479736e-01 8.533673286437988281e-01
4.203107357025146484e-01 8.518440723419189453e-01
4.185159802436828613e-01 8.502826094627380371e-01
4.167177677154541016e-01 8.486827611923217773e-01
4.149160981178283691e-01 8.470445275306701660e-01
4.131112992763519287e-01 8.453677296638488770e-01
4.113034009933471680e-01 8.436526656150817871e-01
4.094927012920379639e-01 8.418990373611450195e-01
4.076792895793914795e-01 8.401072025299072266e-01
4.058633148670196533e-01 8.382767438888549805e-01
4.040450751781463623e-01 8.364079594612121582e-01
4.022245705127716064e-01 8.345007300376892090e-01
4.004020392894744873e-01 8.325552940368652344e-01
3.985777199268341064e-01 8.305712938308715820e-01
3.967519402503967285e-01 8.285491466522216797e-01
3.949245214462280273e-01 8.264885544776916504e-01
3.930958509445190430e-01 8.243896365165710449e-01
3.912662565708160400e-01 8.222526311874389648e-01
3.894356191158294678e-01 8.200775384902954102e-01
3.876043856143951416e-01 8.178642392158508301e-01
3.857727050781250000e-01 8.156130909919738770e-01
3.839405477046966553e-01 8.133238554000854492e-01
3.821083605289459229e-01 8.109967708587646484e-01
3.802763223648071289e-01 8.086318969726562500e-01
3.784444630146026611e-01 8.062295317649841309e-01
3.766131699085235596e-01 8.037894368171691895e-01
3.747825324535369873e-01 8.013119697570800781e-01
3.729527890682220459e-01 7.987971305847167969e-01
3.711241185665130615e-01 7.962448000907897949e-01
3.692967593669891357e-01 7.936555743217468262e-01
3.674709498882293701e-01 7.910292744636535645e-01
3.656467497348785400e-01 7.883662581443786621e-01
3.638245761394500732e-01 7.856665849685668945e-01
3.620044589042663574e-01 7.829301953315734863e-01
3.601866960525512695e-01 7.801574468612670898e-01
3.583714365959167480e-01 7.773486971855163574e-01
3.565591275691986084e-01 7.745037078857421875e-01
3.547496497631072998e-01 7.716230154037475586e-01
3.529433906078338623e-01 7.687065005302429199e-01
3.511405289173126221e-01 7.657547593116760254e-01
3.493413627147674561e-01 7.627675533294677734e-01
3.475460112094879150e-01 7.597453594207763672e-01
3.457548022270202637e-01 7.566883563995361328e-01
3.439677953720092773e-01 7.535966038703918457e-01
3.421852290630340576e-01 7.504705190658569336e-01
3.404076993465423584e-01 7.473104596138000488e-01
3.386348485946655273e-01 7.441164255142211914e-01
3.368672132492065430e-01 7.408884763717651367e-01
3.351050019264221191e-01 7.376273274421691895e-01
3.333483636379241943e-01 7.343332171440124512e-01
3.315975964069366455e-01 7.310060858726501465e-01
3.298529386520385742e-01 7.276464700698852539e-01
3.281145691871643066e-01 7.242546081542968750e-01
3.263826668262481689e-01 7.208306789398193359e-01
3.246575891971588135e-01 7.173749208450317383e-01
3.229392766952514648e-01 7.138881683349609375e-01
3.212283551692962646e-01 7.103700041770935059e-01
3.195247054100036621e-01 7.068213820457458496e-01
3.178287148475646973e-01 7.032421827316284180e-01
3.161406517028808594e-01 6.996329426765441895e-01
3.144605755805969238e-01 6.959940791130065918e-01
3.127889335155487061e-01 6.923257112503051758e-01
3.111257255077362061e-01 6.886283755302429199e-01
3.094712793827056885e-01 6.849023103713989258e-01
3.078258037567138672e-01 6.811481714248657227e-01
3.061895370483398438e-01 6.773659586906433105e-01
3.045625984668731689e-01 6.735562086105346680e-01
3.029453158378601074e-01 6.697195172309875488e-01
3.013379275798797607e-01 6.658560037612915039e-01
2.997408211231231689e-01 6.619661450386047363e-01
2.981536984443664551e-01 6.580503582954406738e-01
2.965771555900573730e-01 6.541089415550231934e-01
2.950113415718078613e-01 6.501424908638000488e-01
2.934563755989074707e-01 6.461514830589294434e-01
2.919128835201263428e-01 6.421360373497009277e-01
2.903805077075958252e-01 6.380971074104309082e-01
2.888596951961517334e-01 6.340346336364746094e-01
2.873507142066955566e-01 6.299493908882141113e-01
2.858537137508392334e-01 6.258415579795837402e-01
2.843689918518066406e-01 6.217119097709655762e-01
2.828966081142425537e-01 6.175605058670043945e-01
2.814368009567260742e-01 6.133882403373718262e-01
2.799897789955139160e-01 6.091954708099365234e-01
2.785559296607971191e-01 6.049825549125671387e-01
2.771352827548980713e-01 6.007500886917114258e-01
2.757279276847839355e-01 5.964986681938171387e-01
2.743341028690338135e-01 5.922282934188842773e-01
2.729542553424835205e-01 5.879400968551635742e-01
2.715883553028106689e-01 5.836342573165893555e-01
2.702365219593048096e-01 5.793113708496093750e-01
2.688991129398345947e-01 5.749718546867370605e-01
2.675763964653015137e-01 5.706163644790649414e-01
2.662683725357055664e-01 5.662452578544616699e-01
2.649751305580139160e-01 5.618591308593750000e-01
2.636970579624176025e-01 5.574585795402526855e-01
2.624344229698181152e-01 5.530440807342529297e-01
2.611869871616363525e-01 5.486164093017578125e-01
2.599551975727081299e-01 5.441757440567016602e-01
2.587392628192901611e-01 5.397227406501770020e-01
2.575393319129943848e-01 5.352580547332763672e-01
2.563555538654327393e-01 5.307820439338684082e-01
2.551878392696380615e-01 5.262954831123352051e-01
2.540365755558013916e-01 5.217989683151245117e-01
2.529020905494689941e-01 5.172926187515258789e-01
2.517842054367065430e-01 5.127774477005004883e-01
2.506833374500274658e-01 5.082538723945617676e-01
2.495993524789810181e-01 5.037224292755126953e-01
2.485326379537582397e-01 4.991836845874786377e-01
2.474831789731979370e-01 4.946382045745849609e-01
2.464513480663299561e-01 4.900867640972137451e-01
2.454368621110916138e-01 4.855296015739440918e-01
2.444403618574142456e-01 4.809673428535461426e-01
2.434614598751068115e-01 4.764007925987243652e-01
2.425007522106170654e-01 4.718303978443145752e-01
2.415581494569778442e-01 4.672566652297973633e-01
2.406335324048995972e-01 4.626803696155548096e-01
2.397274821996688843e-01 4.581017792224884033e-01
2.388396859169006348e-01 4.535218477249145508e-01
2.379705011844635010e-01 4.489408135414123535e-01
2.371199429035186768e-01 4.443591833114624023e-01
2.362881451845169067e-01 4.397780597209930420e-01
2.354753762483596802e-01 4.351976513862609863e-01
2.346814274787902832e-01 4.306184351444244385e-01
2.339065372943878174e-01 4.260412156581878662e-01
2.331506758928298950e-01 4.214664995670318604e-01
2.324141263961791992e-01 4.168947935104370117e-01
2.316968291997909546e-01 4.123268127441406250e-01
2.309988737106323242e-01 4.077629148960113525e-01
2.303203344345092773e-01 4.032037854194641113e-01
2.296613305807113647e-01 3.986500203609466553e-01
2.290219366550445557e-01 3.941022753715515137e-01
2.284021675586700439e-01 3.895607590675354004e-01
2.278021872043609619e-01 3.850266933441162109e-01
2.272217273712158203e-01 3.804997205734252930e-01
2.266612797975540161e-01 3.759810924530029297e-01
2.261205166578292847e-01 3.714712858200073242e-01
2.255997955799102783e-01 3.669705688953399658e-01
2.250989228487014771e-01 3.624798059463500977e-01
2.246180027723312378e-01 3.579992651939392090e-01
2.241571694612503052e-01 3.535295724868774414e-01
2.237163037061691284e-01 3.490713834762573242e-01
2.232955247163772583e-01 3.446252048015594482e-01
2.228947579860687256e-01 3.401916027069091797e-01
2.225141227245330811e-01 3.357707858085632324e-01
2.221535593271255493e-01 3.313637375831604004e-01
2.218130975961685181e-01 3.269706070423126221e-01
2.214928567409515381e-01 3.225921690464019775e-01
2.211927920579910278e-01 3.182287514209747314e-01
2.209126502275466919e-01 3.138810694217681885e-01
2.206527739763259888e-01 3.095493614673614502e-01
2.204130142927169800e-01 3.052345514297485352e-01
2.201932221651077271e-01 3.009365200996398926e-01
2.199935764074325562e-01 2.966562807559967041e-01
2.198141366243362427e-01 2.923939824104309082e-01
2.196546345949172974e-01 2.881503999233245850e-01
2.195152044296264648e-01 2.839258015155792236e-01
2.193959355354309082e-01 2.797208428382873535e-01
2.192964404821395874e-01 2.755358219146728516e-01
2.192168980836868286e-01 2.713712751865386963e-01
2.191573828458786011e-01 2.672276496887207031e-01
2.191174924373626709e-01 2.631051838397979736e-01
2.190976887941360474e-01 2.590047419071197510e-01
2.190974652767181396e-01 2.549263238906860352e-01
2.191168665885925293e-01 2.508706152439117432e-01
2.191560864448547363e-01 2.468381971120834351e-01
2.192149609327316284e-01 2.428291589021682739e-01
2.192932665348052979e-01 2.388440519571304321e-01
2.193910330533981323e-01 2.348832637071609497e-01
2.195083647966384888e-01 2.309471815824508667e-01
2.196450084447860718e-01 2.270364165306091309e-01
2.198007702827453613e-01 2.231508940458297729e-01
2.199757993221282959e-01 2.192915529012680054e-01
2.201700508594512939e-01 2.154583632946014404e-01
2.203832268714904785e-01 2.116518914699554443e-01
2.206153869628906250e-01 2.078723609447479248e-01
2.208663672208786011e-01 2.041202634572982788e-01
2.211361974477767944e-01 2.003958225250244141e-01
2.214246243238449097e-01 1.966995000839233398e-01
2.217316627502441406e-01 1.930316537618637085e-01
2.220571935176849365e-01 1.893925219774246216e-01
