1.378177032235251342e+00 7.284832007490578132e-01
1.380028937031306135e+00 7.292415764106084941e-01
1.381880498303108551e+00 7.300015451388175425e-01
1.383731716501119813e+00 7.307631107813450377e-01
1.385582592066818552e+00 7.315262771779386108e-01
1.387433125432737446e+00 7.322910481603901456e-01
1.389283317022577124e+00 7.330574275525179040e-01
1.391133167250968583e+00 7.338254191700068763e-01
1.392982676523536245e+00 7.345950268203726985e-01
1.394831845236787826e+00 7.353662543028512966e-01
1.396680673778073478e+00 7.361391054083197272e-01
1.398529162525541603e+00 7.369135839192140214e-01
1.400377311848155060e+00 7.376896936094714530e-01
1.402225122105610122e+00 7.384674382444320617e-01
1.404072593648197698e+00 7.392468215807164178e-01
1.405919726816953208e+00 7.400278473662238454e-01
1.407766521943484062e+00 7.408105193399925348e-01
1.409612979349913253e+00 7.415948412321129446e-01
1.411459099348998825e+00 7.423808167637102606e-01
1.413304882243881622e+00 7.431684496467717560e-01
1.415150328328234064e+00 7.439577435841451258e-01
1.416995437886203524e+00 7.447487022694441183e-01
1.418840211192205381e+00 7.455413293868966562e-01
1.420684648511120640e+00 7.463356286113602689e-01
1.422528750098161821e+00 7.471316036081967482e-01
1.424372516198820993e+00 7.479292580331824425e-01
1.426215947048917077e+00 7.487285955324604059e-01
1.428059042874526119e+00 7.495296197424412554e-01
1.429901803891937329e+00 7.503323342897156856e-01
1.431744230307652854e+00 7.511367427909854122e-01
1.433586322318423312e+00 7.519428488530091048e-01
1.435428080111165183e+00 7.527506560724964713e-01
1.437269503862863118e+00 7.535601680359964583e-01
1.439110593740793975e+00 7.543713883199250070e-01
1.440951349902272138e+00 7.551843204903812001e-01
1.442791772494657510e+00 7.559989681030832021e-01
1.444631861655617300e+00 7.568153347034107803e-01
1.446471617512689711e+00 7.576334238261401843e-01
1.448311040183584586e+00 7.584532389955097598e-01
1.450150129776154317e+00 7.592747837251307974e-01
1.451988886388164923e+00 7.600980615178172251e-01
1.453827310107507875e+00 7.609230758656061466e-01
1.455665401012155025e+00 7.617498302496663598e-01
1.457503159170111751e+00 7.625783281402035430e-01
1.459340584639365668e+00 7.634085729963655531e-01
1.461177677467997649e+00 7.642405682662187782e-01
1.463014437694153402e+00 7.650743173866625391e-01
1.464850865345960207e+00 7.659098237833166234e-01
1.466686960441630161e+00 7.667470908704963062e-01
1.468522722989433094e+00 7.675861220511246419e-01
1.470358152987660816e+00 7.684269207166427584e-01
1.472193250424698174e+00 7.692694902469678908e-01
1.474028015278974868e+00 7.701138340103965696e-01
1.475862447519040499e+00 7.709599553635646529e-01
1.477696547103478864e+00 7.718078576513324185e-01
1.479530313981005207e+00 7.726575442067558086e-01
1.481363748090445576e+00 7.735090183509993889e-01
1.483196849360749914e+00 7.743622833932692906e-01
1.485029617711040029e+00 7.752173426307580328e-01
1.486862053050524768e+00 7.760741993485299473e-01
1.488694155278668330e+00 7.769328568195247309e-01
1.490525924285121429e+00 7.777933183044467569e-01
1.492357359949709972e+00 7.786555870516864708e-01
1.494188462142522766e+00 7.795196662972826429e-01
1.496019230723921956e+00 7.803855592648520911e-01
1.497849665544543685e+00 7.812532691655131867e-01
1.499679766445356055e+00 7.821227991978358940e-01
1.501509533257627371e+00 7.829941525477501774e-01
1.503338965803059590e+00 7.838673323885323452e-01
1.505168063893703945e+00 7.847423418806868112e-01
1.506996827331990696e+00 7.856191841718846991e-01
1.508825255910937857e+00 7.864978623969844929e-01
1.510653349413972002e+00 7.873783796778688338e-01
1.512481107615035958e+00 7.882607391234202066e-01
1.514308530278675624e+00 7.891449438294824148e-01
1.516135617160051297e+00 7.900309968787907478e-01
1.517962368004886153e+00 7.909189013408665092e-01
1.519788782549603701e+00 7.918086602720086908e-01
1.521614860521418588e+00 7.927002767152572238e-01
1.523440601638243574e+00 7.935937537002704101e-01
1.525266005608789666e+00 7.944890942432965009e-01
1.527091072132598315e+00 7.953863013471094146e-01
1.528915800900108701e+00 7.962853780009649940e-01
1.530740191592771637e+00 7.971863271805778028e-01
1.532564243882946986e+00 7.980891518479912294e-01
1.534387957433984706e+00 7.989938549515406274e-01
1.536211331900425803e+00 7.999004394258732997e-01
1.538034366927879981e+00 8.008089081918090546e-01
1.539857062153121792e+00 8.017192641563095634e-01
1.541679417204237401e+00 8.026315102124732537e-01
1.543501431700538218e+00 8.035456492394126293e-01
1.545323105252695450e+00 8.044616841022438347e-01
1.547144437462808941e+00 8.053796176520415795e-01
1.548965427924440696e+00 8.062994527257780764e-01
1.550786076222644194e+00 8.072211921462585371e-01
1.552606381934045210e+00 8.081448387220837581e-01
1.554426344626985923e+00 8.090703952476441252e-01
1.556245963861420112e+00 8.099978645029877189e-01
1.558065239189136308e+00 8.109272492538552868e-01
1.559884170153736260e+00 8.118585522515904263e-01
1.561702756290654026e+00 8.127917762330709728e-01
1.563520997127395118e+00 8.137269239207534088e-01
1.565338892183426811e+00 8.146639980225365285e-01
1.567156440970318698e+00 8.156030012317574407e-01
1.568973642991851936e+00 8.165439362271673662e-01
1.570790497743991043e+00 8.174868056728401555e-01
1.572607004715049994e+00 8.184316122181793940e-01
1.574423163385682001e+00 8.193783584978352463e-01
1.576238973229034501e+00 8.203270471317070101e-01
1.578054433710825100e+00 8.212776807249041466e-01
1.579869544289291383e+00 8.222302618676426977e-01
1.581684304415387210e+00 8.231847931352695991e-01
1.583498713532842883e+00 8.241412770882177163e-01
1.585312771078247085e+00 8.250997162719697631e-01
1.587126476481056425e+00 8.260601132169866911e-01
1.588939829163736661e+00 8.270224704387054704e-01
1.590752828541893482e+00 8.279867904375293186e-01
1.592565474024196126e+00 8.289530756987117943e-01
1.594377765012665371e+00 8.299213286924325139e-01
1.596189700902590936e+00 8.308915518736745831e-01
1.598001281082682246e+00 8.318637476822312582e-01
1.599812504935190782e+00 8.328379185426926234e-01
1.601623371835846577e+00 8.338140668643361231e-01
1.603433881154211926e+00 8.347921950412404701e-01
1.605244032253558384e+00 8.357723054521424277e-01
1.607053824490911165e+00 8.367544004603857388e-01
1.608863257217386877e+00 8.377384824140288178e-01
1.610672329778045864e+00 8.387245536456866546e-01
1.612481041512092483e+00 8.397126164725676745e-01
1.614289391753024550e+00 8.407026731964768462e-01
1.616097379828522973e+00 8.416947261036826777e-01
1.617905005060797707e+00 8.426887774650311247e-01
1.619712266766511588e+00 8.436848295358280181e-01
1.621519164256908674e+00 8.446828845558378429e-01
1.623325696837997212e+00 8.456829447493081631e-01
1.625131863810535204e+00 8.466850123248886861e-01
1.626937664470184730e+00 8.476890894756428096e-01
1.628743098107519494e+00 8.486951783789787873e-01
1.630548164008383427e+00 8.497032811967764054e-01
1.632352861453715720e+00 8.507134000752134551e-01
1.634157189719674275e+00 8.517255371447669532e-01
1.635961148077955007e+00 8.527396945203151724e-01
1.637764735795664395e+00 8.537558743009961981e-01
1.639567952135569273e+00 8.547740785702759858e-01
1.641370796356105721e+00 8.557943093958811920e-01
1.643173267711500518e+00 8.568165688297972871e-01
1.644975365451971649e+00 8.578408589083108549e-01
1.646777088823701218e+00 8.588671816519222180e-01
1.648578437069030622e+00 8.598955390653880704e-01
1.650379409426542487e+00 8.609259331376957203e-01
1.652180005131144158e+00 8.619583658420431060e-01
1.653980223414239559e+00 8.629928391358654416e-01
1.655780063503732968e+00 8.640293549607696022e-01
1.657579524624247291e+00 8.650679152425905238e-01
1.659378605997213318e+00 8.661085218913735506e-01
1.661177306840923240e+00 8.671511768013366872e-01
1.662975626370692073e+00 8.681958818508975773e-01
1.664773563798927825e+00 8.692426389026448597e-01
1.666571118335306467e+00 8.702914498033740287e-01
1.668368289186842546e+00 8.713423163840605667e-01
1.670165075557984213e+00 8.723952404598498411e-01
1.671961476650811518e+00 8.734502238301060650e-01
1.673757491665011532e+00 8.745072682783321394e-01
1.675553119798148582e+00 8.755663755722642438e-01
1.677348360245709102e+00 8.766275474638300924e-01
1.679143212201137603e+00 8.776907856891091875e-01
1.680937674856099795e+00 8.787560919684217486e-01
1.682731747400524780e+00 8.798234680062900770e-01
1.684525429022693421e+00 8.808929154914284521e-01
1.686318718909429082e+00 8.819644360967928698e-01
1.688111616246168900e+00 8.830380314795605035e-01
1.689904120217109007e+00 8.841137032811552388e-01
1.691696230005249824e+00 8.851914531272115916e-01
1.693487944792599231e+00 8.862712826276367695e-01
1.695279263760341992e+00 8.873531933766500845e-01
1.697070186088767585e+00 8.884371869526794807e-01
1.698860710957589726e+00 8.895232649184948714e-01
1.700650837545916616e+00 8.906114288211289809e-01
1.702440565032471431e+00 8.917016801919539493e-01
1.704229892595766849e+00 8.927940205467255197e-01
1.706018819413974263e+00 8.938884513854484792e-01
1.707807344665361882e+00 8.949849741925834934e-01
1.709595467528196799e+00 8.960835904369299776e-01
1.711383187180931742e+00 8.971843015716862713e-01
1.713170502802400907e+00 8.982871090345087017e-01
1.714957413571792433e+00 8.993920142474430834e-01
1.716743918668948821e+00 9.004990186170515054e-01
1.718530017274309429e+00 9.016081235343224032e-01
1.720315708569197133e+00 9.027193303747947928e-01
1.722100991735885156e+00 9.038326404985430607e-01
1.723885865957555108e+00 9.049480552500990260e-01
1.725670330418763054e+00 9.060655759586901947e-01
1.727454384305288082e+00 9.071852039380879917e-01
1.729238026804308159e+00 9.083069404866721541e-01
1.731021257104629507e+00 9.094307868875166623e-01
1.732804074396663285e+00 9.105567444083284556e-01
1.734586477872721799e+00 9.116848143015812145e-01
1.736368466726976534e+00 9.128149978044381996e-01
1.738150040155669540e+00 9.139472961388384054e-01
1.739931197357278636e+00 9.150817105115502947e-01
1.741711937532478327e+00 9.162182421140985245e-01
1.743492259884516615e+00 9.173568921229577899e-01
1.745272163619141725e+00 9.184976616994542375e-01
1.747051647944703578e+00 9.196405519897883352e-01
1.748830712072534377e+00 9.207855641252290502e-01
1.750609355216742991e+00 9.219326992219356587e-01
1.752387576594584662e+00 9.230819583811531448e-01
1.754165375426522955e+00 9.242333426892028747e-01
1.755942750936265506e+00 9.253868532174651662e-01
1.757719702350992508e+00 9.265424910224815402e-01
1.759496228901480164e+00 9.277002571459920244e-01
1.761272329822186844e+00 9.288601526149478094e-01
1.763048004351309261e+00 9.300221784415068083e-01
1.764823251731079790e+00 9.311863356231859790e-01
1.766598071207778675e+00 9.323526251428271294e-01
1.768372462031850834e+00 9.335210479686341101e-01
1.770146423458108798e+00 9.346916050542664056e-01
1.771919954745774906e+00 9.358642973388260344e-01
1.773693055158615195e+00 9.370391257469090629e-01
1.775465723965138132e+00 9.382160911886980870e-01
1.777237960438663888e+00 9.393951945599694486e-01
1.779009763857411164e+00 9.405764367421154404e-01
1.780781133504727887e+00 9.417598186022601014e-01
1.782552068669154499e+00 9.429453409932665453e-01
1.784322568644484130e+00 9.441330047537404013e-01
1.786092632729994856e+00 9.453228107081521614e-01
1.787862260230535183e+00 9.465147596668592733e-01
1.789631450456603101e+00 9.477088524261263469e-01
1.791400202724572566e+00 9.489050897682442809e-01
1.793168516356721476e+00 9.501034724615169402e-01
1.794936390681342475e+00 9.513040012603042328e-01
1.796703825032942570e+00 9.525066769051266924e-01
1.798470818752373468e+00 9.537115001227230993e-01
1.800237371186857560e+00 9.549184716260369354e-01
1.802003481690142683e+00 9.561275921142949885e-01
1.803769149622759693e+00 9.573388622731529018e-01
1.805534374351920102e+00 9.585522827745961427e-01
1.807299155251723910e+00 9.597678542770576859e-01
1.809063491703436721e+00 9.609855774255791072e-01
1.810827383095367837e+00 9.622054528517004490e-01
1.812590828823101408e+00 9.634274811735958899e-01
1.814353828289684722e+00 9.646516629961758849e-01
1.816116380905615779e+00 9.658779989110573005e-01
1.817878486089040235e+00 9.671064894966729941e-01
1.819640143265849552e+00 9.683371353183192198e-01
1.821401351869814667e+00 9.695699369282246849e-01
1.823162111342641056e+00 9.708048948655674248e-01
1.824922421134238748e+00 9.720420096566431134e-01
1.826682280702655925e+00 9.732812818147948963e-01
1.828441689514269219e+00 9.745227118405310751e-01
1.830200647043980000e+00 9.757663002216387937e-01
1.831959152775175292e+00 9.770120474331420724e-01
1.833717206199981797e+00 9.782599539374594588e-01
1.835474806819325178e+00 9.795100201844304522e-01
1.837231954142998447e+00 9.807622466113450344e-01
1.838988647689850708e+00 9.820166336430633525e-01
1.840744886987901507e+00 9.832731816920791124e-01
1.842500671574383686e+00 9.845318911585366761e-01
1.844256000995892153e+00 9.857927624303211012e-01
1.846010874808514668e+00 9.870557958831394085e-01
1.847765292577963514e+00 9.883209918806006300e-01
1.849519253879594594e+00 9.895883507742162521e-01
1.851272758298566634e+00 9.908578729035043553e-01
1.853025805430040363e+00 9.921295585961207308e-01
1.854778394879167625e+00 9.934034081678391193e-01
1.856530526261159997e+00 9.946794219225923994e-01
1.858282199201618301e+00 9.959576001527020717e-01
1.860033413336410035e+00 9.972379431387770055e-01
1.861784168311868326e+00 9.985204511498543267e-01
1.863534463784930484e+00 9.998051244434890128e-01
1.865284299423167758e+00 1.001091963265771323e+00
1.867033674904999607e+00 1.002380967851473903e+00
1.868782589919668613e+00 1.003672138424030358e+00
1.870531044167387691e+00 1.004965475195636504e+00
1.872279037359547926e+00 1.006260978367400138e+00
1.874026569218721905e+00 1.007558648129336598e+00
1.875773639478663268e+00 1.008858484660367427e+00
1.877520247884630900e+00 1.010160488128557077e+00
1.879266394193449763e+00 1.011464658691155538e+00
1.881012078173430968e+00 1.012770996494535503e+00
1.882757299604570722e+00 1.014079501674342687e+00
1.884502058278752612e+00 1.015390174355643937e+00
1.886246353999759151e+00 1.016703014652936554e+00
1.887990186583302421e+00 1.018018022670171607e+00
1.889733555857225022e+00 1.019335198500906925e+00
1.891476461661567132e+00 1.020654542228358608e+00
1.893218903848620238e+00 1.021976053925443884e+00
1.894960882283125203e+00 1.023299733654934984e+00
1.896702396842248062e+00 1.024625581469441826e+00
1.898443447415709917e+00 1.025953597411518148e+00
1.900184033905930159e+00 1.027283781513771643e+00
1.901924156228068208e+00 1.028616133798903931e+00
1.903663814310136093e+00 1.029950654279799815e+00
1.905403008093060180e+00 1.031287342959583242e+00
1.907141737530817505e+00 1.032626199831727209e+00
1.908880002590484848e+00 1.033967224880099733e+00
1.910617803252355751e+00 1.035310418079061767e+00
1.912355139509995583e+00 1.036655779393518051e+00
1.914092011370369217e+00 1.038003308779026135e+00
1.915828418853890103e+00 1.039353006181842343e+00
1.917564361994520850e+00 1.040704871539012588e+00
1.919299840839854943e+00 1.042058904778444095e+00
1.921034855451198231e+00 1.043415105818982891e+00
1.922769405903689277e+00 1.044773474570517946e+00
1.924503492286324668e+00 1.046134010934014480e+00
1.926237114702077369e+00 1.047496714801618545e+00
1.927970273267936019e+00 1.048861586056703876e+00
1.929702968115005302e+00 1.050228624573963154e+00
1.931435199388623625e+00 1.051597830219515473e+00
1.933166967248439727e+00 1.052969202850984054e+00
1.934898271868424224e+00 1.054342742317518455e+00
1.936629113436921568e+00 1.055718448459853409e+00
1.938359492156864095e+00 1.057096321110497783e+00
1.940089408245792235e+00 1.058476360093763446e+00
1.941818861935810325e+00 1.059858565225752169e+00
1.943547853473807541e+00 1.061242936314549690e+00
1.945276383121498087e+00 1.062629473160274340e+00
1.947004451155417648e+00 1.064018175555096812e+00
1.948732057867052170e+00 1.065409043283362722e+00
1.950459203562968424e+00 1.066802076121717180e+00
1.952185888564749616e+00 1.068197273839074812e+00
1.953912113209140600e+00 1.069594636196758763e+00
1.955637877848115158e+00 1.070994162948577078e+00
1.957363182848897765e+00 1.072395853840862001e+00
1.959088028594128783e+00 1.073799708612629411e+00
1.960812415481818283e+00 1.075205726995562161e+00
1.962536343925426863e+00 1.076613908714101342e+00
1.964259814354012201e+00 1.078024253485591499e+00
1.965982827212234829e+00 1.079436761020308388e+00
1.967705382960307281e+00 1.080851431021443654e+00
1.969427482074237457e+00 1.082268263185332202e+00
1.971149125045869255e+00 1.083687257201509491e+00
1.972870312382843272e+00 1.085108412752707752e+00
1.974591044608653201e+00 1.086531729514928379e+00
1.976311322262758408e+00 1.087957207157566497e+00
1.978031145900653875e+00 1.089384845343492225e+00
1.979750516093849777e+00 1.090814643729067335e+00
1.981469433430009808e+00 1.092246601964286246e+00
1.983187898512990710e+00 1.093680719692840642e+00
1.984905911962793201e+00 1.095116996552105926e+00
1.986623474415708301e+00 1.096555432173298872e+00
1.988340586524405929e+00 1.097996026181578433e+00
1.990057248957826985e+00 1.099438778195987787e+00
1.991773462401364325e+00 1.100883687829641078e+00
1.993489227556927368e+00 1.102330754689806458e+00
1.995204545142873931e+00 1.103779978377883220e+00
1.996919415894087724e+00 1.105231358489500604e+00
1.998633840562137998e+00 1.106684894614686554e+00
2.000347819915165637e+00 1.108140586337803546e+00
2.002061354737997068e+00 1.109598433237682258e+00
2.003774445832187112e+00 1.111058434887691737e+00
2.005487094016091820e+00 1.112520590855836655e+00
2.007199300124812069e+00 1.113984900704743986e+00
2.008911065010327235e+00 1.115451363991816214e+00
2.010622389541518729e+00 1.116919980269284185e+00
2.012333274604062527e+00 1.118390749084154479e+00
2.014043721100736484e+00 1.119863669978510945e+00
2.015753729951227147e+00 1.121338742489382811e+00
2.017463302092218580e+00 1.122815966148864364e+00
2.019172438477508713e+00 1.124295340484248396e+00
2.020881140077944949e+00 1.125776865018014217e+00
2.022589407881474788e+00 1.127260539267906037e+00
2.024297242893215110e+00 1.128746362747035992e+00
2.026004646135408649e+00 1.130234334963885034e+00
2.027711618647541680e+00 1.131724455422446818e+00
2.029418161486365335e+00 1.133216723622282540e+00
2.031124275725811223e+00 1.134711139058494300e+00
2.032829962457113560e+00 1.136207701221867872e+00
2.034535222788790065e+00 1.137706409598901347e+00
2.036240057846710805e+00 1.139207263671905057e+00
2.037944468774082196e+00 1.140710262919031104e+00
2.039648456731507853e+00 1.142215406814369283e+00
2.041352022896949947e+00 1.143722694827953967e+00
2.043055168465770510e+00 1.145232126425848485e+00
2.044757894650774066e+00 1.146743701070219945e+00
2.046460202682187646e+00 1.148257418219371662e+00
2.048162093807747386e+00 1.149773277327859944e+00
2.049863569292640797e+00 1.151291277846488104e+00
2.051564630419518753e+00 1.152811419222363742e+00
2.053265278488541679e+00 1.154333700898982684e+00
2.054965514817422179e+00 1.155858122316312908e+00
2.056665340741377079e+00 1.157384682910798546e+00
2.058364757613167395e+00 1.158913382115440704e+00
2.060063766803114760e+00 1.160444219359856088e+00
2.061762369699043251e+00 1.161977194070276331e+00
2.063460567706408177e+00 1.163512305669706759e+00
2.065158362248223689e+00 1.165049553577907293e+00
2.066855754765031694e+00 1.166588937211415766e+00
2.068552746715029755e+00 1.168130455983706462e+00
2.070249339573947633e+00 1.169674109305129939e+00
2.071945534835119229e+00 1.171219896583023612e+00
2.073641334009490578e+00 1.172767817221768372e+00
2.075336738625591870e+00 1.174317870622811233e+00
2.077031750229521023e+00 1.175870056184698864e+00
2.078726370384985422e+00 1.177424373303165961e+00
2.080420600673336562e+00 1.178980821371214072e+00
2.082114442693415945e+00 1.180539399779021670e+00
2.083807898061720731e+00 1.182100107914144438e+00
2.085500968412315803e+00 1.183662945161484403e+00
2.087193655396834657e+00 1.185227910903342341e+00
2.088885960684496723e+00 1.186795004519481278e+00
2.090577885962037197e+00 1.188364225387114503e+00
2.092269432933785200e+00 1.189935572881028136e+00
2.093960603321635361e+00 1.191509046373605107e+00
2.095651398865011394e+00 1.193084645234840924e+00
2.097341821320781730e+00 1.194662368832319466e+00
2.099031872463429593e+00 1.196242216531422375e+00
2.100721554084885589e+00 1.197824187695220477e+00
2.102410867994572996e+00 1.199408281684573918e+00
2.104099816019438851e+00 1.200994497858208998e+00
2.105788400003775429e+00 1.202582835572603592e+00
2.107476621809439621e+00 1.204173294182248277e+00
2.109164483315655758e+00 1.205765873039507996e+00
2.110851986419016058e+00 1.207360571494681345e+00
2.112539133033557448e+00 1.208957388896121143e+00
2.114225925090674973e+00 1.210556324590208233e+00
2.115912364539099588e+00 1.212157377921382118e+00
2.117598453344863962e+00 1.213760548232162062e+00
2.119284193491341117e+00 1.215365834863238792e+00
2.120969586979178256e+00 1.216973237153462062e+00
2.122654635826259462e+00 1.218582754439862192e+00
2.124339342067701253e+00 1.220194386057698033e+00
2.126023707755826386e+00 1.221808131340484938e+00
2.127707734960113228e+00 1.223423989620002317e+00
2.129391425767222401e+00 1.225041960226372684e+00
2.131074782280962143e+00 1.226662042488083415e+00
2.132757806622156416e+00 1.228284235731911700e+00
2.134440500928705298e+00 1.229908539283041558e+00
2.136122867355609856e+00 1.231534952465139554e+00
2.137804908074776744e+00 1.233163474600220910e+00
2.139486625275078602e+00 1.234794105008765852e+00
2.141168021162418000e+00 1.236426843009833298e+00
2.142849097959532045e+00 1.238061687920926746e+00
2.144529857905972836e+00 1.239698639058033791e+00
2.146210303258170526e+00 1.241337695735738711e+00
2.147890436289323191e+00 1.242978857267174053e+00
2.149570259289433238e+00 1.244622122964109234e+00
2.151249774565127559e+00 1.246267492136830857e+00
2.152928984439727689e+00 1.247914964094270163e+00
2.154607891253244478e+00 1.249564538144048553e+00
2.156286497362194687e+00 1.251216213592357684e+00
2.157964805139698683e+00 1.252869989744108903e+00
2.159642816975347657e+00 1.254525865902861081e+00
2.161320535275229826e+00 1.256183841370900334e+00
2.162997962461847390e+00 1.257843915449215366e+00
2.164675100974005062e+00 1.259506087437442634e+00
2.166351953266897556e+00 1.261170356634011558e+00
2.168028521812012777e+00 1.262836722336102335e+00
2.169704809097047438e+00 1.264505183839620850e+00
2.171380817625829351e+00 1.266175740439175135e+00
2.173056549918380487e+00 1.267848391428199939e+00
2.174732008510819270e+00 1.269523136098908989e+00
2.176407195955215812e+00 1.271199973742213940e+00
2.178082114819742898e+00 1.272878903647927995e+00
2.179756767688403762e+00 1.274559925104549629e+00
2.181431157161061396e+00 1.276243037399354741e+00
2.183105285853492727e+00 1.277928239818500122e+00
2.184779156397243405e+00 1.279615531646940418e+00
2.186452771439432397e+00 1.281304912168284904e+00
2.188126133642956717e+00 1.282996380665064606e+00
2.189799245686356866e+00 1.284689936418648815e+00
2.191472110263573025e+00 1.286385578709060340e+00
2.193144730084142680e+00 1.288083306815230422e+00
2.194817107872970574e+00 1.289783120014822426e+00
2.196489246370336268e+00 1.291485017584299122e+00
2.198161148331863490e+00 1.293188998798946443e+00
2.199832816528412671e+00 1.294895062932823304e+00
2.201504253745967699e+00 1.296603209258701872e+00
2.203175462785649685e+00 1.298313437048141505e+00
2.204846446463765375e+00 1.300025745571593339e+00
2.206517207611446096e+00 1.301740134098087642e+00
2.208187749074792539e+00 1.303456601895445877e+00
2.209858073714884963e+00 1.305175148230339754e+00
2.211528184407428821e+00 1.306895772367991038e+00
2.213198084042972358e+00 1.308618473572452201e+00
2.214867775526769833e+00 1.310343251106520501e+00
2.216537261778523060e+00 1.312070104231531698e+00
2.218206545732555934e+00 1.313799032207598527e+00
2.219875630337689199e+00 1.315530034293534989e+00
2.221544518557054371e+00 1.317263109746726224e+00
2.223213213368102625e+00 1.318998257823192022e+00
2.224881717762633659e+00 1.320735477777677858e+00
2.226550034746531015e+00 1.322474768863433292e+00
2.228218167339737654e+00 1.324216130332249053e+00
2.229886118576350107e+00 1.325959561434609135e+00
2.231553891504374221e+00 1.327705061419498067e+00
2.233221489185631903e+00 1.329452629534354724e+00
2.234888914695860151e+00 1.331202265025243969e+00
2.236556171124492121e+00 1.332953967136673468e+00
2.238223261574491918e+00 1.334707735111487992e+00
2.239890189162599299e+00 1.336463568191181395e+00
2.241556957018982832e+00 1.338221465615586858e+00
2.243223568287120440e+00 1.339981426622812721e+00
2.244890026124026328e+00 1.341743450449541353e+00
2.246556333699856189e+00 1.343507536330663665e+00
2.248222494197940069e+00 1.345273683499380812e+00
2.249888510814809894e+00 1.347041891187284346e+00
2.251554386759926807e+00 1.348812158624129953e+00
2.253220125255750883e+00 1.350584485037966687e+00
2.254885729537592809e+00 1.352358869655041484e+00
2.256551202853517957e+00 1.354135311699750543e+00
2.258216548464325957e+00 1.355913810394679730e+00
2.259881769643409477e+00 1.357694364960511324e+00
2.261546869676622329e+00 1.359476974615940525e+00
2.263211851862384716e+00 1.361261638577849098e+00
2.264876719511422110e+00 1.363048356061079991e+00
2.266541475946681761e+00 1.364837126278411583e+00
2.268206124503342025e+00 1.366627948440621854e+00
2.269870668528666258e+00 1.368420821756393568e+00
2.271535111381981054e+00 1.370215745432346033e+00
2.273199456434447541e+00 1.372012718672849907e+00
2.274863707069100016e+00 1.373811740680127569e+00
2.276527866680715828e+00 1.375612810654169849e+00
2.278191938675735440e+00 1.377415927792711159e+00
2.279855926472197591e+00 1.379221091291213508e+00
2.281519833499521255e+00 1.381028300342693527e+00
2.283183663198601110e+00 1.382837554137885228e+00
2.284847419021580173e+00 1.384648851865047492e+00
2.286511104431791175e+00 1.386462192709964292e+00
2.288174722903701941e+00 1.388277575855941137e+00
2.289838277922799481e+00 1.390095000483739796e+00
2.291501772985486962e+00 1.391914465771524556e+00
2.293165211598976239e+00 1.393735970894802723e+00
2.294828597281203031e+00 1.395559515026393971e+00
2.296491933560763865e+00 1.397385097336418802e+00
2.298155223976852124e+00 1.399212716992287220e+00
2.299818472079021348e+00 1.401042373158500220e+00
2.301481681427192338e+00 1.402874064996716408e+00
2.303144855591577222e+00 1.404707791665728456e+00
2.304807998152535564e+00 1.406543552321363855e+00
2.306471112700461568e+00 1.408381346116421184e+00
2.308134202835741444e+00 1.410221172200682105e+00
2.309797272168629068e+00 1.412063029720832974e+00
2.311460324319110082e+00 1.413906917820378251e+00
2.313123362916865489e+00 1.415752835639656482e+00
2.314786391601170834e+00 1.417600782315790564e+00
2.316449414020690600e+00 1.419450756982518325e+00
2.318112433833516395e+00 1.421302758770298658e+00
2.319775454707006190e+00 1.423156786806189622e+00
2.321438480317683073e+00 1.425012840213797150e+00
2.323101514351103347e+00 1.426870918113190667e+00
2.324764560501797028e+00 1.428731019620895326e+00
2.326427622473220325e+00 1.430593143849899773e+00
2.328090703977474085e+00 1.432457289909404352e+00
2.329753808735398835e+00 1.434323456904986305e+00
2.331416940476350952e+00 1.436191643938411477e+00
2.333080102938172473e+00 1.438061850107660966e+00
2.334743299867025446e+00 1.439934074506807216e+00
2.336406535017253816e+00 1.441808316225920317e+00
2.338069812151456706e+00 1.443684574351210781e+00
2.339733135040197975e+00 1.445562847964765529e+00
2.341396507461951604e+00 1.447443136144548559e+00
2.343059933203045286e+00 1.449325437964398056e+00
2.344723416057514331e+00 1.451209752493923144e+00
2.346386959826991969e+00 1.453096078798444601e+00
2.348050568320604103e+00 1.454984415938935349e+00
2.349714245354885378e+00 1.456874762971990478e+00
2.351377994753680589e+00 1.458767118949774622e+00
2.353041820347983926e+00 1.460661482919906051e+00
2.354705725975860808e+00 1.462557853925428697e+00
2.356369715482341309e+00 1.464456231004754194e+00
2.358033792719334443e+00 1.466356613191629243e+00
2.359697961545489164e+00 1.468258999515037466e+00
2.361362225826067807e+00 1.470163388999121912e+00
2.363026589432839053e+00 1.472069780663124439e+00
2.364691056244095702e+00 1.473978173521472090e+00
2.366355630144367783e+00 1.475888566583509753e+00
2.368020315024351952e+00 1.477800958853486835e+00
2.369685114780904822e+00 1.479715349330612550e+00
2.371350033316810269e+00 1.481631737008853644e+00
2.373015074540755887e+00 1.483550120876972800e+00
2.374680242367152250e+00 1.485470499918384313e+00
2.376345540716097826e+00 1.487392873111182512e+00
2.378010973513199566e+00 1.489317239427996098e+00
2.379676544689491635e+00 1.491243597835962387e+00
2.381342258181295524e+00 1.493171947296632052e+00
2.383008117930161429e+00 1.495102286765968236e+00
2.384674127882734584e+00 1.497034615194254181e+00
2.386340291990607376e+00 1.498968931525994197e+00
2.388006614210242073e+00 1.500905234699886792e+00
2.389673098502824278e+00 1.502843523648722979e+00
2.391339748834214518e+00 1.504783797299397818e+00
2.393006569174795040e+00 1.506726054572799178e+00
2.394673563499320590e+00 1.508670294383701815e+00
2.396340735786855802e+00 1.510616515640763602e+00
2.398008090020659733e+00 1.512564717246458024e+00
2.399675630188011777e+00 1.514514898096937845e+00
2.401343360280201011e+00 1.516467057082096392e+00
2.403011284292309035e+00 1.518421193085377485e+00
2.404679406223126925e+00 1.520377304983751676e+00
2.406347730075144575e+00 1.522335391647769764e+00
2.408016259854242502e+00 1.524295451941272361e+00
2.409684999569699393e+00 1.526257484721471380e+00
2.411353953234079306e+00 1.528221488838884534e+00
2.413023124863076241e+00 1.530187463137225201e+00
2.414692518475439087e+00 1.532155406453384217e+00
2.416362138092788214e+00 1.534125317617285766e+00
2.418031987739554189e+00 1.536097195451886499e+00
2.419702071442891178e+00 1.538071038773143773e+00
2.421372393232444242e+00 1.540046846389815816e+00
2.423042957140377762e+00 1.542024617103565420e+00
2.424713767201173820e+00 1.544004349708793855e+00
2.426384827451463444e+00 1.545986042992517184e+00
2.428056141930076350e+00 1.547969695734494611e+00
2.429727714677762052e+00 1.549955306706974678e+00
2.431399549737166765e+00 1.551942874674739681e+00
2.433071651152669101e+00 1.553932398394984871e+00
2.434744022970236177e+00 1.555923876617224311e+00
2.436416669237434718e+00 1.557917308083377250e+00
2.438089594003205018e+00 1.559912691527572504e+00
2.439762801317719276e+00 1.561910025676058078e+00
2.441436295232336295e+00 1.563909309247222934e+00
2.443110079799486467e+00 1.565910540951535035e+00
2.444784159072491025e+00 1.567913719491400570e+00
2.446458537105504760e+00 1.569918843561175725e+00
2.448133217953355256e+00 1.571925911847049440e+00
2.449808205671443417e+00 1.573934923027002331e+00
2.451483504315655093e+00 1.575945875770779603e+00
2.453159117942166567e+00 1.577958768739734952e+00
2.454835050607424574e+00 1.579973600586886961e+00
2.456511306367955783e+00 1.581990369956766562e+00
2.458187889280223359e+00 1.584009075485327989e+00
2.459864803400635846e+00 1.586029715800037154e+00
2.461542052785318901e+00 1.588052289519675586e+00
2.463219641489998946e+00 1.590076795254284026e+00
2.464897573569933442e+00 1.592103231605158209e+00
2.466575853079773228e+00 1.594131597164762937e+00
2.468254484073452826e+00 1.596161890516683446e+00
2.469933470604050996e+00 1.598194110235537702e+00
2.471612816723689932e+00 1.600228254886936430e+00
2.473292526483361620e+00 1.602264323027358772e+00
2.474972603932945603e+00 1.604302313204255537e+00
2.476653053120981607e+00 1.606342223955855353e+00
2.478333878094493681e+00 1.608384053811038328e+00
2.480015082899049261e+00 1.610427801289493033e+00
2.481696671578494495e+00 1.612473464901477360e+00
2.483378648174884518e+00 1.614521043147820967e+00
2.485061016728397298e+00 1.616570534519906177e+00
2.486743781277139576e+00 1.618621937499517216e+00
2.488426945857098893e+00 1.620675250558869518e+00
2.490110514501997052e+00 1.622730472160518467e+00
2.491794491243183085e+00 1.624787600757315431e+00
2.493478880109467166e+00 1.626846634792292967e+00
2.495163685127059328e+00 1.628907572698679695e+00
2.496848910319483750e+00 1.630970412899884758e+00
2.498534559707328295e+00 1.633035153809276885e+00
2.500220637308258720e+00 1.635101793830297412e+00
2.501907147136857912e+00 1.637170331356349706e+00
2.503594093204433157e+00 1.639240764770654391e+00
2.505281479519052112e+00 1.641313092446384792e+00
2.506969310085287450e+00 1.643387312746445339e+00
2.508657588904163571e+00 1.645463424023499321e+00
2.510346319973048690e+00 1.647541424619925365e+00
2.512035507285428348e+00 1.649621312867635137e+00
2.513725154830983133e+00 1.651703087088262745e+00
2.515415266595324439e+00 1.653786745592928487e+00
2.517105846559874571e+00 1.655872286682193106e+00
2.518796898701860076e+00 1.657959708646135732e+00
2.520488426994034192e+00 1.660049009764114292e+00
2.522180435404742571e+00 1.662140188304939148e+00
2.523872927897674590e+00 1.664233242526660383e+00
2.525565908431780304e+00 1.666328170676566689e+00
2.527259380961148771e+00 1.668424970991125189e+00
2.528953349434932107e+00 1.670523641695995209e+00
2.530647817797217147e+00 1.672624181005954336e+00
2.532342789986815834e+00 1.674726587124750310e+00
2.534038269937286536e+00 1.676830858245217382e+00
2.535734261576744863e+00 1.678936992549146190e+00
2.537430768827767746e+00 1.681044988207262225e+00
2.539127795607245552e+00 1.683154843379144339e+00
2.540825345826299042e+00 1.685266556213220746e+00
2.542523423390154136e+00 1.687380124846716845e+00
2.544222032198056205e+00 1.689495547405650555e+00
2.545921176143076448e+00 1.691612822004691319e+00
2.547620859112071923e+00 1.693731946747216277e+00
2.549321084985561203e+00 1.695852919725256314e+00
2.551021857637563173e+00 1.697975739019401242e+00
2.552723180935537517e+00 1.700100402698829338e+00
2.554425058740241283e+00 1.702226908821230511e+00
2.556127494905611197e+00 1.704355255432769223e+00
2.557830493278662853e+00 1.706485440568062506e+00
2.559534057699358822e+00 1.708617462250120234e+00
2.561238192000522051e+00 1.710751318490345785e+00
2.562942900007742608e+00 1.712887007288524277e+00
2.564648185539188052e+00 1.715024526632696444e+00
2.566354052405517727e+00 1.717163874499155751e+00
2.568060504409799272e+00 1.719305048852456608e+00
2.569767545347426019e+00 1.721448047645416146e+00
2.571475179005937584e+00 1.723592868819001644e+00
2.573183409164886637e+00 1.725739510302273239e+00
2.574892239595814036e+00 1.727887970012462970e+00
2.576601674062074743e+00 1.730038245854867984e+00
2.578311716318783198e+00 1.732190335722892938e+00
2.580022370112627250e+00 1.734344237497927654e+00
2.581733639181782891e+00 1.736499949049354896e+00
2.583445527255857410e+00 1.738657468234591441e+00
2.585158038055732632e+00 1.740816792899003040e+00
2.586871175293404157e+00 1.742977920875814046e+00
2.588584942671937839e+00 1.745140849986175580e+00
2.590299343885430261e+00 1.747305578039222151e+00
2.592014382618757384e+00 1.749472102831872711e+00
2.593730062547503046e+00 1.751640422148858622e+00
2.595446387337861704e+00 1.753810533762717006e+00
2.597163360646584707e+00 1.755982435433838473e+00
2.598880986120825298e+00 1.758156124910389639e+00
2.600599267398010284e+00 1.760331599928269153e+00
2.602318208105778297e+00 1.762508858211147444e+00
2.604037811861787066e+00 1.764687897470343270e+00
2.605758082273685439e+00 1.766868715404907197e+00
2.607479022939076962e+00 1.769051309701695329e+00
2.609200637445201920e+00 1.771235678035084193e+00
2.610922929368986622e+00 1.773421818067161926e+00
2.612645902276955923e+00 1.775609727447729158e+00
2.614369559724992520e+00 1.777799403814122714e+00
2.616093905258352947e+00 1.779990844791353943e+00
2.617818942411518357e+00 1.782184047992045883e+00
2.619544674708112808e+00 1.784379011016449024e+00
2.621271105660748280e+00 1.786575731452369364e+00
2.622998238770946955e+00 1.788774206875195283e+00
2.624726077529031976e+00 1.790974434847882657e+00
2.626481765913237787e+00 1.793210990197292576e+00
2.626481765913237787e+00 1.793210990197292576e+00
2.630543067737543428e+00 1.798312137149973955e+00
2.634674030675460799e+00 1.803357037341901892e+00
2.638873875833826599e+00 1.808344739557021796e+00
2.643141811331733315e+00 1.813274303363959339e+00
2.647477032449839118e+00 1.818144799293337943e+00
2.651878721782095383e+00 1.822955309013030822e+00
2.656346049389870956e+00 1.827704925501313138e+00
2.660878172958437204e+00 1.832392753217879866e+00
2.665474237955783199e+00 1.837017908272700284e+00
2.670133377793741936e+00 1.841579518592675546e+00
2.674854713991383193e+00 1.846076724086068710e+00
2.679637356340650811e+00 1.850508676804673680e+00
2.684480403074213761e+00 1.854874541103697094e+00
2.689382941035491470e+00 1.859173493799318511e+00
2.694344045850831648e+00 1.863404724323902473e+00
2.699362782103799763e+00 1.867567434878829813e+00
2.704438203511553063e+00 1.871660840584923546e+00
2.709569353103260525e+00 1.875684169630437825e+00
2.714755263400541629e+00 1.879636663416582865e+00
2.719994956599883107e+00 1.883517576700558305e+00
2.725287444757003463e+00 1.887326177736069921e+00
2.730631729973131971e+00 1.891061748411299259e+00
2.736026804583159500e+00 1.894723584384303994e+00
2.741471651345637639e+00 1.898310995215822139e+00
2.746965243634575504e+00 1.901823304499453471e+00
2.752506545633012891e+00 1.905259849989196841e+00
2.758094512528322273e+00 1.908619983724315849e+00
2.763728090709209440e+00 1.911903072151513117e+00
2.769406217964369699e+00 1.915108496244384950e+00
2.775127823682771222e+00 1.918235651620140203e+00
2.780891829055515796e+00 1.921283948653556894e+00
2.786697147279248554e+00 1.924252812588154393e+00
2.792542683761077615e+00 1.927141683644565173e+00
2.798427336324955661e+00 1.929950017126081274e+00
2.804349995419498143e+00 1.932677283521355704e+00
2.810309544327187936e+00 1.935322968604243465e+00
2.816304859374932690e+00 1.937886573530756884e+00
2.822334810145934014e+00 1.940367614933124596e+00
2.828398259692825878e+00 1.942765625010929753e+00
2.834494064752048459e+00 1.945080151619313469e+00
2.840621075959409048e+00 1.947310758354227067e+00
2.846778138066794028e+00 1.949457024634716040e+00
2.852964090159992860e+00 1.951518545782220837e+00
2.859177765877586985e+00 1.953494933096878716e+00
2.865417993630868132e+00 1.955385813930813121e+00
2.871683596824740725e+00 1.957190831758396588e+00
2.877973394079569314e+00 1.958909646243473635e+00
2.884286199453927946e+00 1.960541933303530993e+00
2.890620822668208856e+00 1.962087385170803611e+00
2.896976069329049608e+00 1.963545710450304238e+00
2.903350741154537396e+00 1.964916634174765697e+00
2.909743636200143868e+00 1.966199897856486078e+00
2.916153549085351404e+00 1.967395259536067087e+00
2.922579271220929087e+00 1.968502493828034661e+00
2.929019591036810866e+00 1.969521391963335866e+00
2.935473294210538153e+00 1.970451761828702741e+00
2.941939163896219789e+00 1.971293428002873993e+00
2.948415980953968507e+00 1.972046231789672088e+00
2.954902524179769507e+00 1.972710031247924656e+00
2.961397570535738932e+00 1.973284701218227521e+00
2.967899895380727404e+00 1.973770133346543831e+00
2.974408272701227318e+00 1.974166236104633931e+00
2.980921475342535043e+00 1.974472934807312896e+00
2.987438275240132945e+00 1.974690171626533264e+00
2.993957443651241945e+00 1.974817905602286983e+00
3.000477751386497971e+00 1.974856112650329898e+00
3.006997969041718566e+00 1.974804785566722565e+00
3.013516867229705021e+00 1.974663934029187384e+00
3.020033216812044952e+00 1.974433584595285396e+00
3.026545789130865138e+00 1.974113780697407838e+00
3.033053356240495546e+00 1.973704582634587812e+00
3.039554691138998788e+00 1.973206067561129817e+00
3.046048567999520618e+00 1.972618329472063170e+00
3.052533762401420159e+00 1.971941479185419066e+00
3.059009051561134562e+00 1.971175644321335296e+00
3.065473214562734583e+00 1.970320969277994605e+00
3.071925032588127547e+00 1.969377615204396914e+00
3.078363289146867743e+00 1.968345759969976072e+00
3.084786770305523174e+00 1.967225598131062014e+00
3.091194264916564460e+00 1.966017340894196330e+00
3.097584564846725730e+00 1.964721216076311006e+00
3.103956465204799287e+00 1.963337468061771895e+00
3.110308764568816997e+00 1.961866357756301138e+00
3.116640265212577976e+00 1.960308162537782506e+00
3.122949773331481271e+00 1.958663176203962797e+00
3.129236099267616922e+00 1.956931708917055701e+00
3.135498057734075861e+00 1.955114087145259916e+00
3.141734468038436034e+00 1.953210653601205493e+00
3.147944154305381659e+00 1.951221767177333088e+00
3.154125945698416089e+00 1.949147802878227420e+00
3.160278676640620787e+00 1.946989151749907165e+00
3.166401187034426190e+00 1.944746220806095272e+00
3.172492322480347404e+00 1.942419432951476566e+00
3.178550934494647429e+00 1.940009226901957540e+00
3.184575880725883046e+00 1.937516057101947631e+00
3.190566025170294751e+00 1.934940393638673983e+00
3.196520238386001633e+00 1.932282722153545240e+00
3.202437397705955480e+00 1.929543543750585233e+00
3.208316387449622109e+00 1.926723374901948560e+00
3.214156099133341993e+00 1.923822747350540707e+00
3.219955431679334179e+00 1.920842208009757357e+00
3.225713291623305334e+00 1.917782318860364210e+00
3.231428593320622156e+00 1.914643656844534858e+00
3.237100259151009407e+00 1.911426813757069354e+00
3.242727219721737164e+00 1.908132396133810582e+00
3.248308414069251526e+00 1.904761025137281960e+00
3.253842789859221707e+00 1.901313336439567125e+00
3.259329303584957760e+00 1.897789980102454255e+00
3.264766920764162084e+00 1.894191620454867220e+00
3.270154616133982728e+00 1.890518935967605341e+00
3.275491373844325871e+00 1.886772619125418604e+00
3.280776187649395048e+00 1.882953376296438996e+00
3.286008061097417610e+00 1.879061927598995263e+00
3.291186007718527318e+00 1.875099006765834853e+00
3.296309051210762675e+00 1.871065361005777472e+00
3.301376225624146787e+00 1.866961750862829561e+00
3.306386575542821227e+00 1.862788950072784555e+00
3.311339156265185490e+00 1.858547745417332919e+00
3.316233033982023848e+00 1.854238936575716146e+00
3.321067285952572945e+00 1.849863335973946921e+00
3.325841000678505299e+00 1.845421768631625659e+00
3.330553278075793155e+00 1.840915072006383379e+00
3.335203229644417622e+00 1.836344095835978685e+00
3.339789978635896883e+00 1.831709701978080362e+00
3.344312660218596633e+00 1.827012764247763821e+00
3.348770421640793415e+00 1.822254168252752660e+00
3.353162422391462005e+00 1.817434811226438462e+00
3.357487834358754419e+00 1.812555601858706122e+00
3.361745841986137240e+00 1.807617460124601338e+00
3.365935642426169050e+00 1.802621317110868926e+00
3.370056445691874458e+00 1.797568114840395692e+00
3.374107474805696505e+00 1.792458806094594070e+00
3.378087965945996807e+00 1.787294354233752269e+00
3.381997168591074132e+00 1.782075733015395569e+00
3.385834345660673428e+00 1.776803926410682077e+00
3.389598773654964425e+00 1.771479928418875804e+00
3.393289742790957408e+00 1.766104742879928358e+00
3.396906557136330829e+00 1.760679383285204569e+00
3.400448534740652118e+00 1.755204872586388909e+00
3.403915007763956613e+00 1.749682243002607107e+00
3.407305322602671716e+00 1.744112535825802501e+00
3.407305322602671716e+00 1.744112535825802501e+00
3.410627002938618979e+00 1.738570141904092425e+00
3.413841032271157427e+00 1.733219958500046065e+00
3.417074662867669144e+00 1.727849418685796890e+00
3.420327535009297204e+00 1.722459002876671086e+00
3.423599292330565369e+00 1.717049184572408960e+00
3.426889581755235614e+00 1.711620430583438601e+00
3.430198053435094874e+00 1.706173201246371507e+00
3.433524360690372035e+00 1.700707950631194398e+00
3.436868159952627177e+00 1.695225126739235311e+00
3.440229110709627225e+00 1.689725171692884720e+00
3.443606875451813210e+00 1.684208521918169943e+00
3.447001119621332155e+00 1.678675608318771717e+00
3.450411511562191169e+00 1.673126856444136834e+00
3.453837722472871796e+00 1.667562686649794568e+00
3.457279426360271746e+00 1.661983514251835770e+00
3.460736299995036624e+00 1.656389749675812872e+00
3.464208022869127213e+00 1.650781798598766947e+00
3.467694277154258931e+00 1.645160062086837405e+00
3.471194747662451618e+00 1.639524936726620474e+00
3.474709121807467493e+00 1.633876814752350359e+00
3.478237089567721263e+00 1.628216084168228939e+00
3.481778343450866675e+00 1.622543128865581608e+00
3.485332578459010122e+00 1.616858328736751282e+00
3.488899492055867579e+00 1.611162059783714851e+00
3.492478784134648517e+00 1.605454694223430012e+00
3.496070156986930577e+00 1.599736600589696023e+00
3.499673315273212015e+00 1.594008143830447866e+00
3.503287965993745257e+00 1.588269685402813991e+00
3.506913818461109056e+00 1.582521583363779571e+00
3.510550584273470776e+00 1.576764192458052660e+00
3.514197977288366470e+00 1.570997864203647065e+00
3.517855713598026846e+00 1.565222946973506390e+00
3.521523511505068704e+00 1.559439786075147882e+00
3.525201091499437389e+00 1.553648723826996703e+00
3.528888176235929208e+00 1.547850099632474663e+00
3.532584490512217901e+00 1.542044250052080345e+00
3.536289761248050834e+00 1.536231508872428764e+00
3.540003717464847544e+00 1.530412207173496464e+00
3.543726090266202444e+00 1.524586673393355074e+00
3.547456612818980837e+00 1.518755233390877812e+00
3.551195020334713792e+00 1.512918210506959404e+00
3.554941050051988682e+00 1.507075925623184931e+00
3.558694441219173221e+00 1.501228697218991215e+00
3.562454935077843388e+00 1.495376841426806713e+00
3.566222274846770013e+00 1.489520672085383968e+00
3.569996205706037706e+00 1.483660500792057579e+00
3.573776474781840573e+00 1.477796636953082388e+00
3.577562831132002241e+00 1.471929387832010994e+00
3.581355025731604691e+00 1.466059058597058096e+00
3.585152811459063837e+00 1.460185952366999995e+00
3.588955943082727806e+00 1.454310370255456508e+00
3.592764177247467661e+00 1.448432611414430582e+00
3.596577272462251784e+00 1.442552973075594380e+00
3.600394989087749575e+00 1.436671750590746033e+00
3.604217089323915157e+00 1.430789237471612241e+00
3.608043337198302059e+00 1.424905725427805692e+00
3.611873498554399209e+00 1.419021504404050171e+00
3.615707341040683254e+00 1.413136862615625766e+00
3.619544634099423064e+00 1.407252086583476558e+00
3.623385148955612145e+00 1.401367461168513628e+00
3.627228658606883371e+00 1.395483269603720489e+00
3.631074937812689196e+00 1.389599793526717697e+00
3.634923763084311421e+00 1.383717313010470518e+00
3.638774912675038387e+00 1.377836106593037346e+00
3.642628166570007764e+00 1.371956451307249081e+00
3.646483306476677733e+00 1.366078622708789325e+00
3.650340115815061015e+00 1.360202894904022353e+00
3.654198379708542443e+00 1.354329540576333812e+00
3.658057884974538876e+00 1.348458831012077752e+00
3.661918420115034323e+00 1.342591036126141946e+00
3.665779775307580479e+00 1.336726424486202491e+00
3.669641742396133832e+00 1.330865263336629356e+00
3.673504114882178317e+00 1.325007818621389610e+00
3.677366687915761823e+00 1.319154355006468160e+00
3.681229258286425221e+00 1.313305135901908338e+00
3.685091624414332578e+00 1.307460423482947665e+00
3.688953586341555901e+00 1.301620478710370454e+00
3.692814945723112530e+00 1.295785561350637272e+00
3.696675505818158403e+00 1.289955929995249440e+00
3.700535071481065863e+00 1.284131842079687225e+00
3.704393449152425077e+00 1.278313553901945454e+00
3.708250446850432702e+00 1.272501320639903177e+00
3.712105874161765851e+00 1.266695396368913151e+00
3.715959542232469381e+00 1.260896034078838657e+00
3.719811263759162490e+00 1.255103485690054477e+00
3.723660852979705727e+00 1.249318002069697231e+00
3.727508125663995031e+00 1.243539833047218490e+00
3.731352899105028875e+00 1.237769227428952901e+00
3.735194992109216905e+00 1.232006433013291602e+00
3.739034224986949706e+00 1.226251696604947039e+00
3.742870419543137928e+00 1.220505264028712622e+00
3.746703399067579987e+00 1.214767380142957265e+00
3.750532988325141037e+00 1.209038288852855692e+00
3.754359013545769397e+00 1.203318233123358283e+00
3.758181302414544955e+00 1.197607454991565179e+00
3.761999684061272387e+00 1.191906195579271577e+00
3.765813989050466049e+00 1.186214695104412797e+00
3.769624049370750463e+00 1.180533192892825323e+00
3.773429698423979239e+00 1.174861927389954541e+00
3.777230771014689736e+00 1.169201136171519551e+00
3.781027103338856499e+00 1.163551055954711089e+00
3.784818532972903160e+00 1.157911922608506616e+00
3.788604898862313330e+00 1.152283971164043574e+00
3.792386041309846245e+00 1.146667435825094783e+00
3.796161801964092142e+00 1.141062549977523100e+00
3.799932023807020443e+00 1.135469546199709967e+00
3.803696551142111915e+00 1.129888656271657910e+00
3.807455229582106693e+00 1.124320111184092585e+00
3.811207906035890325e+00 1.118764141148385738e+00
3.814954428695795041e+00 1.113220975605354601e+00
3.818694647024437394e+00 1.107690843234237832e+00
3.822428411741523036e+00 1.102173971961228016e+00
3.826155574810000015e+00 1.096670588968451820e+00
3.829875989422208082e+00 1.091180920702486734e+00
3.833589509985786403e+00 1.085705192882703507e+00
3.837295992108940901e+00 1.080243630510085540e+00
3.840995292586112608e+00 1.074796457874952704e+00
3.844687269382971007e+00 1.069363898565159676e+00
3.848371781620669729e+00 1.063946175474910216e+00
3.852048689560674255e+00 1.058543510812233857e+00
3.855717854588623261e+00 1.053156126107358315e+00
3.859379139198176656e+00 1.047784242220650253e+00
3.863032406974681976e+00 1.042428079350266268e+00
3.866677522577940618e+00 1.037087857040673189e+00
3.870314351725270274e+00 1.031763794190213579e+00
3.873942761173741367e+00 1.026456109059376010e+00
3.877562618702555586e+00 1.021165019278376107e+00
3.881173793094801816e+00 1.015890741855104196e+00
3.884776154118630753e+00 1.010633493183451748e+00
3.888369572508387328e+00 1.005393489051169320e+00
3.891953919945174256e+00 1.000170944648053561e+00
3.895529069037453329e+00 9.949660745735618983e-01
3.899094893300666609e+00 9.897790928453147341e-01
3.902651267136625357e+00 9.846102129074489895e-01
3.906198065812963804e+00 9.794596476383252703e-01
3.909735165441242444e+00 9.743276093596635601e-01
3.913262442955639298e+00 9.692143098443294358e-01
3.916779776090802745e+00 9.641199603247285754e-01
3.920287043358804624e+00 9.590447715020178343e-01
3.923784124026402864e+00 9.539889535542834809e-01
3.927270898091161921e+00 9.489527161458259918e-01
3.930747246257758842e+00 9.439362684356120692e-01
3.934213049913554361e+00 9.389398190861943938e-01
3.937668191103241178e+00 9.339635762733984325e-01
3.941112552503577060e+00 9.290077476952973701e-01
3.944546017397183135e+00 9.240725405819223415e-01
3.947968469646404799e+00 9.191581617042982044e-01
3.951379793666146334e+00 9.142648173842831127e-01
3.954779874395930150e+00 9.093927135049489907e-01
3.958168597272257117e+00 9.045420555198577794e-01
3.961545848199348185e+00 8.997130484639934700e-01
3.964911513520277264e+00 8.949058969635113048e-01
3.968265479987149735e+00 8.901208052461033748e-01
3.971607634730094816e+00 8.853579771524200392e-01
3.974937865226610967e+00 8.806176161462548890e-01
3.978256059269449807e+00 8.758999253260737472e-01
3.981562104934554203e+00 8.712051074357622937e-01
3.984855890547832402e+00 8.665333648762019170e-01
3.988137304651290016e+00 8.618848997170520665e-01
3.991406235968874228e+00 8.572599137080787468e-01
3.994662573370740599e+00 8.526586082919334064e-01
3.997906205837953753e+00 8.480811846154774347e-01
4.004023874995331411e+00 8.394647080149562068e-01
4.004023874995331411e+00 8.394647080149562068e-01
4.006065976145385399e+00 8.433424760857632929e-01
4.008290702528412019e+00 8.475654193571182660e-01
4.010524366643068106e+00 8.518035675769288773e-01
4.012766969106152715e+00 8.560567687396151149e-01
4.015018510963384912e+00 8.603248716683293829e-01
4.017278993671476783e+00 8.646077260035107681e-01
4.019548419080880564e+00 8.689051821921356389e-01
4.021826789418984305e+00 8.732170914772448000e-01
4.024114107273477181e+00 8.775433058872381675e-01
4.026410375576308986e+00 8.818836782257661877e-01
4.028715597587951613e+00 8.862380620616820970e-01
4.031029776882031790e+00 8.906063117191870271e-01
4.033352917330319087e+00 8.949882822681748396e-01
4.035685023088222856e+00 8.993838295150713424e-01
4.038026098580352219e+00 9.037928099933322246e-01
4.040376148486648056e+00 9.082150809545979087e-01
4.042735177728837392e+00 9.126505003600182686e-01
4.045103191456917990e+00 9.170989268712392839e-01
4.047480195036380124e+00 9.215602198423731295e-01
4.049866194035430134e+00 9.260342393115938986e-01
4.052261194212682938e+00 9.305208459932412524e-01
4.054665201504943361e+00 9.350199012697130163e-01
4.057078222015470637e+00 9.395312671839693985e-01
4.059500262002519122e+00 9.440548064321455657e-01
4.061931327867923436e+00 9.485903823559772574e-01
4.064371426146188071e+00 9.531378589358242559e-01
4.066820563493676488e+00 9.576971007835911598e-01
4.069278746678231862e+00 9.622679731361333255e-01
4.071745982568805822e+00 9.668503418484095668e-01
4.074222278125486874e+00 9.714440733870948197e-01
4.076707640389870768e+00 9.760490348245435266e-01
4.079202076475215932e+00 9.806650938320988775e-01
4.081705593557281908e+00 9.852921186744354465e-01
4.084218198865387173e+00 9.899299782040130724e-01
4.086739899673250243e+00 9.945785418549258905e-01
4.089270703290388553e+00 9.992376796375378456e-01
4.091810617053723398e+00 1.003907262133266309e+00
4.094359648319294998e+00 1.008587160489346823e+00
4.096917804454046852e+00 1.013277246413510690e+00
4.099485092828103916e+00 1.017977392169371553e+00
4.102061520807042783e+00 1.022687470571569168e+00
4.104647095744238250e+00 1.027407354980876875e+00
4.107241824973651312e+00 1.032136919299919908e+00
4.109845715802805444e+00 1.036876037969033160e+00
4.112458775505529296e+00 1.041624585961521188e+00
4.115081011315241177e+00 1.046382438779733803e+00
4.117712430418497327e+00 1.051149472451426536e+00
4.120353039948266627e+00 1.055925563525467847e+00
4.123002846977759539e+00 1.060710589068377008e+00
4.125661858514191316e+00 1.065504426660579540e+00
4.128330081492860515e+00 1.070306954393088095e+00
4.131007522771233731e+00 1.075118050864006802e+00
4.133694189123279905e+00 1.079937595175371801e+00
4.136390087233954738e+00 1.084765466930067257e+00
4.139095223693759706e+00 1.089601546228779361e+00
4.141809604993485827e+00 1.094445713667081987e+00
4.144533237519019586e+00 1.099297850332545901e+00
4.147266127546629377e+00 1.104157837802529851e+00
4.150008281237840713e+00 1.109025558141108592e+00
4.152759704634818583e+00 1.113900893896791366e+00
4.155520403655873274e+00 1.118783728100294361e+00
4.158290384090901348e+00 1.123673944262101765e+00
4.161069651597234298e+00 1.128571426370597042e+00
4.163858211695275813e+00 1.133476058889696159e+00
4.166656069764537840e+00 1.138387726757082774e+00
4.169463231039743256e+00 1.143306315382404570e+00
4.172279700606962294e+00 1.148231710645438053e+00
4.175105483399948803e+00 1.153163798894458525e+00
4.177940584196509377e+00 1.158102466944569198e+00
4.180785007615162918e+00 1.163047602076416442e+00
4.183638758111734468e+00 1.167999092034661235e+00
4.186501839976232375e+00 1.172956825026847616e+00
4.189374257329589568e+00 1.177920689721901892e+00
4.192256014120819607e+00 1.182890575249261111e+00
4.195147114124153198e+00 1.187866371197827897e+00
4.198047560936044142e+00 1.192847967614619531e+00
4.200957357972945339e+00 1.197835255004608523e+00
4.203876508468436413e+00 1.202828124329335502e+00
4.206805015470740372e+00 1.207826467006110738e+00
4.209742881840754514e+00 1.212830174907958636e+00
4.212690110249536879e+00 1.217839140362527717e+00
4.215646703176257226e+00 1.222853256151695378e+00
4.218612662906308763e+00 1.227872415511333193e+00
4.221587991529327510e+00 1.232896512130793099e+00
4.224572690937309360e+00 1.237925440152475298e+00
4.227566762823099289e+00 1.242959094171913526e+00
4.230570208678775757e+00 1.247997369237549670e+00
4.233583029793952512e+00 1.253040160850294127e+00
4.236605227254705675e+00 1.258087364964025401e+00
4.239636801942120670e+00 1.263138877985312103e+00
4.242677754531086975e+00 1.268194596773490224e+00
4.245728085489332670e+00 1.273254418640997310e+00
4.248787795076428786e+00 1.278318241353558316e+00
4.251856883342759907e+00 1.283385963130210028e+00
4.254935350128921101e+00 1.288457482643934782e+00
4.258023195065058886e+00 1.293532699022053922e+00
4.261120417570078978e+00 1.298611511846346822e+00
4.264227016851346974e+00 1.303693821153820487e+00
4.267342991904259364e+00 1.308779527437202939e+00
4.270468341511971744e+00 1.313868531645536519e+00
4.273603064245138583e+00 1.318960735184717237e+00
4.276747158461873255e+00 1.324056039918263039e+00
4.279900622307774682e+00 1.329154348168092969e+00
4.283063453716033031e+00 1.334255562715290555e+00
4.286235650407530073e+00 1.339359586800788371e+00
4.289417209891238869e+00 1.344466324126391887e+00
4.292608129464626998e+00 1.349575678855704952e+00
4.295808406214026043e+00 1.354687555614881411e+00
4.299018037015348348e+00 1.359801859493830589e+00
4.302237018534718516e+00 1.364918496047148988e+00
4.305465347229171513e+00 1.370037371295061979e+00
4.308703019347674079e+00 1.375158391724750295e+00
4.311950030932040434e+00 1.380281464291390314e+00
4.315206377817927930e+00 1.385406496419202327e+00
4.318472055636045859e+00 1.390533396002725297e+00
4.321747059813447756e+00 1.395662071408080962e+00
4.325031385574876985e+00 1.400792431474224387e+00
4.328325027944152303e+00 1.405924385514108810e+00
4.331627981745842959e+00 1.411057843316210869e+00
4.334940241606756395e+00 1.416192715145591752e+00
4.338261801957679076e+00 1.421328911745292745e+00
4.341592657035546310e+00 1.426466344338207737e+00
4.344932800884912183e+00 1.431604924627762898e+00
4.348282227360140695e+00 1.436744564799619317e+00
4.351640930127766538e+00 1.441885177523457573e+00
4.355008902668372706e+00 1.447026675953900554e+00
4.358386138279096933e+00 1.452168973732305357e+00
4.361772630076099055e+00 1.457311984988310716e+00
4.365168370996888925e+00 1.462455624341071569e+00
4.368573353803101966e+00 1.467599806901036308e+00
4.371987571083102431e+00 1.472744448271319451e+00
4.375411015254873526e+00 1.477889464549378085e+00
4.378843678568911990e+00 1.483034772328551076e+00
4.382285553111150200e+00 1.488180288699513687e+00
4.385736630806116310e+00 1.493325931251932470e+00
4.389196903420149454e+00 1.498471618076086198e+00
4.392666362564709992e+00 1.503617267764462584e+00
4.396144999699659550e+00 1.508762799413180034e+00
4.399632806136860808e+00 1.513908132623750014e+00
4.403129773043869655e+00 1.519053187504811664e+00
4.406635891447401754e+00 1.524197884673389236e+00
4.410151152237212102e+00 1.529342145256647356e+00
4.413675546170113151e+00 1.534485890893644733e+00
4.417209063873791308e+00 1.539629043736693292e+00
4.420751695851013352e+00 1.544771526453110333e+00
4.424303432483817744e+00 1.549913262226807475e+00
4.427864264037752129e+00 1.555054174759788799e+00
4.431434180666240508e+00 1.560194188273694493e+00
4.435013172415240845e+00 1.565333227511603198e+00
4.438601229227704614e+00 1.570471217739389580e+00
4.442198340948331214e+00 1.575608084747357918e+00
4.445804497328325056e+00 1.580743754851721139e+00
4.449419688030287645e+00 1.585878154896112502e+00
4.453043902633431195e+00 1.591011212253398810e+00
4.456677130638436957e+00 1.596142854826816393e+00
4.460319361472741662e+00 1.601273011051572936e+00
4.463970584495918104e+00 1.606401609896407123e+00
4.467630789005030856e+00 1.611528580864952209e+00
4.471299964240256664e+00 1.616653853997306101e+00
4.474978099390382269e+00 1.621777359871261037e+00
4.478665183598614874e+00 1.626899029603817715e+00
4.482361205968498297e+00 1.632018794852660104e+00
4.486066155569669256e+00 1.637136587817249023e+00
4.489780021444053304e+00 1.642252341240359570e+00
4.493502792612014574e+00 1.647365988409373871e+00
4.497234458078564145e+00 1.652477463157487225e+00
4.500975006839801118e+00 1.657586699865063018e+00
4.504724427889278182e+00 1.662693633460703868e+00
4.508482710224682499e+00 1.667798199422589667e+00
4.512249842854606285e+00 1.672900333779749005e+00
4.516025814805106009e+00 1.677999973112866527e+00
4.519810615126745645e+00 1.683097054555587002e+00
4.523604232901745625e+00 1.688191515795757658e+00
4.527406657250978128e+00 1.693283295076297268e+00
4.531217877341114253e+00 1.698372331196072338e+00
4.535037882392094488e+00 1.703458563511061286e+00
4.538866661684658688e+00 1.708541931935363190e+00
4.542704204567759696e+00 1.713622376941902559e+00
4.546550500466310041e+00 1.718699839563379017e+00
4.550405538889009449e+00 1.723774261393136609e+00
4.554269309436194568e+00 1.728845584585874562e+00
4.558141801807848559e+00 1.733913751858381369e+00
4.562023005811840726e+00 1.738978706490379000e+00
4.565912911372003613e+00 1.744040392324960109e+00
4.569811508536655076e+00 1.749098753769425363e+00
4.573718787486993342e+00 1.754153735795735303e+00
4.577634738545673265e+00 1.759205283941040365e+00
4.581559352185549550e+00 1.764253344308190474e+00
4.585492619038402218e+00 1.769297863566064111e+00
4.589434529904066196e+00 1.774338788950187151e+00
4.593385075759318426e+00 1.779376068262854105e+00
4.597344247767109593e+00 1.784409649873494708e+00
4.601312037285856249e+00 1.789439482718904628e+00
4.605288435878791553e+00 1.794465516303356711e+00
4.609273435323615331e+00 1.799487700698885417e+00
4.613267027622057093e+00 1.804505986545251739e+00
4.617269205009634447e+00 1.809520325049949641e+00
4.621279959965604256e+00 1.814530667988252244e+00
4.625299285222941315e+00 1.819536967703079711e+00
4.629327173778452043e+00 1.824539177104819609e+00
4.633363618903046266e+00 1.829537249671145061e+00
4.637408614152205288e+00 1.834531139446854198e+00
4.641462153376322952e+00 1.839520801043341480e+00
4.645524230731518323e+00 1.844506189638438487e+00
4.649594840690285835e+00 1.849487260975824832e+00
4.653673978052249360e+00 1.854463971364376018e+00
4.657761637955522893e+00 1.859436277678009786e+00
4.661857815887594292e+00 1.864404137354729540e+00
4.665962507696604256e+00 1.869367508395943789e+00
4.670075709602775405e+00 1.874326349365729172e+00
4.674197418209964816e+00 1.879280619390032214e+00
4.678327630517371993e+00 1.884230278155811122e+00
4.682466343931221964e+00 1.889175285909936441e+00
4.686613556276732595e+00 1.894115603458199404e+00
4.690769265810110333e+00 1.899051192164118218e+00
4.694933471230918975e+00 1.903982013947967067e+00
4.699106171694206857e+00 1.908908031285261764e+00
4.703287366822993754e+00 1.913829207205469451e+00
4.707477056721065090e+00 1.918745505290814890e+00
4.711675241985444629e+00 1.923656889674473236e+00
4.715881923719381419e+00 1.928563325039146070e+00
4.720097103545477957e+00 1.933464776615534397e+00
4.724320783618541242e+00 1.938361210180256755e+00
4.728552966639175459e+00 1.943252592054392158e+00
4.732793655867121529e+00 1.948138889101459492e+00
4.737042855134688146e+00 1.953020068725272562e+00
4.741300568860703279e+00 1.957896098868138868e+00
4.745566802064212553e+00 1.962766948008502821e+00
4.749841560378564864e+00 1.967632585158794578e+00
4.754124850065498009e+00 1.972492979863008866e+00
4.758416678029491642e+00 1.977348102194336654e+00
4.762717051832262349e+00 1.982197922752685137e+00
4.767025979707261385e+00 1.987042412661951252e+00
4.771343470574444190e+00 1.991881543567326274e+00
4.775669534055213994e+00 1.996715287632534475e+00
4.780004180487450682e+00 2.001543617536889030e+00
4.784347420940656903e+00 2.006366506472215150e+00
4.788699267231374179e+00 2.011183928139796073e+00
4.793059731938738466e+00 2.015995856747192061e+00
4.797428828419995739e+00 2.020802267004740749e+00
4.801806570826393283e+00 2.025603134122192284e+00
4.806192974119191774e+00 2.030398433805183256e+00
4.810588054085711995e+00 2.035188142251476151e+00
4.814991827355679987e+00 2.039972236147218343e+00
4.819404311417633480e+00 2.044750692662987923e+00
4.823825524635600104e+00 2.049523489449839975e+00
4.828255486265724983e+00 2.054290604634983808e+00
4.832694216473301552e+00 2.059052016817621844e+00
4.837141736349836130e+00 2.063807705064496734e+00
4.841598067930254601e+00 2.068557648905297697e+00
4.846063234210319592e+00 2.073301828327978047e+00
4.850537259164195980e+00 2.078040223773922612e+00
4.855020167762274852e+00 2.082772816133068527e+00
4.859511985988849148e+00 2.087499586738550406e+00
4.864012740860369277e+00 2.092220517361652377e+00
4.868522460443687194e+00 2.096935590206388422e+00
4.873041173874177900e+00 2.101644787903662603e+00
4.877568911374529748e+00 2.106348093505779229e+00
4.882105704273386415e+00 2.111045490480458753e+00
4.886651585024235800e+00 2.115736962704788837e+00
4.891206587224442792e+00 2.120422494458956031e+00
4.895770745634304255e+00 2.125102070419687905e+00
4.900344096196646682e+00 2.129775675653878597e+00
4.904926676056280854e+00 2.134443295611724523e+00
4.909518523579629701e+00 2.139104916119676680e+00
4.914119678374537337e+00 2.143760523373225535e+00
4.918730181310461802e+00 2.148410103929704107e+00
4.923350074538547005e+00 2.153053644700597236e+00
4.927979401511842106e+00 2.157691132943638568e+00
4.932618207006003175e+00 2.162322556255010131e+00
4.937266537139862521e+00 2.166947902561024542e+00
4.941924439396135682e+00 2.171567160109571404e+00
4.946591962642489015e+00 2.176180317461526847e+00
4.951269157152674794e+00 2.180787363481837993e+00
4.955956074627704488e+00 2.185388287330253920e+00
4.960652768217333808e+00 2.189983078451951837e+00
4.965359292541556613e+00 2.194571726567781766e+00
4.970075703712341308e+00 2.199154221664330500e+00
4.974802059355575068e+00 2.203730553983773266e+00
4.979538418632935226e+00 2.208300714013235577e+00
4.984284842263996929e+00 2.212864692473970329e+00
4.989041392548595688e+00 2.217422480310346611e+00
4.993808133389205040e+00 2.221974068678418845e+00
4.998585130313333735e+00 2.226519448934088707e+00
5.003372450496328838e+00 2.231058612621204418e+00
5.008170162784056245e+00 2.235591551459102266e+00
5.012978337715711774e+00 2.240118257329826612e+00
5.017797047547035483e+00 2.244638722265270836e+00
5.022626366273128085e+00 2.249152938433483406e+00
5.027466369651794942e+00 2.253660898125020129e+00
5.032317135226938021e+00 2.258162593738854085e+00
5.037178742351635208e+00 2.262658017767534613e+00
5.042051272211862667e+00 2.267147162782473746e+00
5.046934807850009364e+00 2.271630021418538981e+00
5.051829434188372936e+00 2.276106586358161099e+00
5.056735238052952219e+00 2.280576850315220394e+00
5.061652308197029271e+00 2.285040806018244108e+00
5.066580735325147522e+00 2.289498446193473313e+00
5.071520612116795057e+00 2.293949763547150855e+00
5.076472033250259308e+00 2.298394750747469573e+00
5.081435095426593662e+00 2.302833400406099518e+00
5.086409897393340707e+00 2.307265705058997973e+00
5.091396539968611634e+00 2.311691657147007195e+00
5.096395126064866332e+00 2.316111248995668781e+00
5.101405760712660609e+00 2.320524472794489146e+00
5.106428551084732703e+00 2.324931320575975846e+00
5.111463606519628833e+00 2.329331784193724442e+00
5.116511038545336731e+00 2.333725855300004426e+00
5.121570960903304659e+00 2.338113525323117337e+00
5.126643489571670820e+00 2.342494785443542948e+00
5.131728742788802755e+00 2.346869626569817235e+00
5.136826841076904238e+00 2.351238039313912509e+00
5.141937907265132779e+00 2.355600013965655659e+00
