time 24 96 384 1536 6144 
0.000000e+00 6.324474e-01 5.048884e-02 5.385225e-05 4.099820e-10 6.135329e-16 
1.250000e-02 6.339483e-01 5.076631e-02 5.356125e-05 4.435955e-10 6.609713e-12 
2.500000e-02 6.410183e-01 5.213034e-02 5.252276e-05 4.452419e-10 2.571488e-11 
3.750000e-02 6.534127e-01 5.434590e-02 5.188964e-05 3.690547e-10 5.533723e-11 
5.000000e-02 6.831538e-01 5.783793e-02 5.426017e-05 1.613810e-10 1.095106e-10 
6.250000e-02 7.190036e-01 6.015868e-02 6.084813e-05 1.760950e-11 1.591966e-10 
7.500000e-02 7.655180e-01 6.158126e-02 7.388613e-05 1.644636e-11 2.143817e-10 
8.750000e-02 8.160422e-01 6.153496e-02 9.476256e-05 1.189632e-10 2.726156e-10 
1.000000e-01 8.591195e-01 5.949449e-02 1.237086e-04 1.160249e-09 3.313879e-10 
1.125000e-01 8.824757e-01 5.500528e-02 1.616880e-04 4.331832e-09 3.886163e-10 
1.250000e-01 8.818730e-01 4.769447e-02 2.146846e-04 8.916548e-09 4.432553e-10 
1.375000e-01 8.663777e-01 3.727828e-02 2.986187e-04 1.013785e-08 4.957778e-10 
1.500000e-01 8.521350e-01 1.830562e-02 5.128664e-04 6.635002e-09 5.662567e-10 
1.625000e-01 8.635684e-01 4.123067e-04 8.168358e-04 4.446877e-08 6.235781e-10 
1.750000e-01 8.954205e-01 1.993671e-02 1.331432e-03 1.205079e-07 6.880556e-10 
1.875000e-01 9.380535e-01 4.134874e-02 2.179555e-03 2.642535e-07 7.613061e-10 
2.000000e-01 9.799369e-01 6.163714e-02 3.553527e-03 5.250932e-07 8.431108e-10 
2.125000e-01 1.013984e+00 7.814133e-02 5.761469e-03 9.811688e-07 9.315196e-10 
2.250000e-01 1.037643e+00 8.843853e-02 9.292206e-03 1.760878e-06 1.023383e-09 
2.375000e-01 1.049039e+00 9.115633e-02 1.488354e-02 3.080359e-06 1.115150e-09 
2.500000e-01 1.040807e+00 8.346552e-02 2.735184e-02 6.287813e-06 1.232865e-09 
2.625000e-01 1.016699e+00 7.141267e-02 4.214954e-02 1.038614e-05 1.317778e-09 
2.750000e-01 9.812380e-01 5.655995e-02 6.316162e-02 1.640984e-05 1.402581e-09 
2.875000e-01 9.406063e-01 4.097268e-02 9.162789e-02 2.442301e-05 1.486285e-09 
3.000000e-01 9.010620e-01 2.593339e-02 1.284232e-01 3.379282e-05 1.555037e-09 
3.125000e-01 8.669345e-01 1.182365e-02 1.739074e-01 4.298037e-05 1.578039e-09 
3.250000e-01 8.398133e-01 1.704938e-03 2.278623e-01 4.963988e-05 1.518105e-09 
3.375000e-01 8.191787e-01 1.541839e-02 2.895093e-01 5.107597e-05 1.355713e-09 
3.500000e-01 7.991873e-01 3.546277e-02 3.814384e-01 4.091882e-05 1.023513e-09 
3.625000e-01 7.878792e-01 5.267763e-02 4.555218e-01 2.277022e-05 7.822328e-10 
3.750000e-01 7.784692e-01 7.212807e-02 5.319011e-01 3.972309e-06 6.542309e-10 
3.875000e-01 7.702422e-01 9.376479e-02 6.085960e-01 3.747406e-05 7.198124e-10 
4.000000e-01 7.627904e-01 1.172129e-01 6.836613e-01 7.500337e-05 1.016281e-09 
4.125000e-01 7.559305e-01 1.418243e-01 7.552671e-01 1.135075e-04 1.529380e-09 
4.250000e-01 7.496348e-01 1.667421e-01 8.217538e-01 1.501654e-04 2.202344e-09 
4.375000e-01 7.439692e-01 1.909722e-01 8.816644e-01 1.827913e-04 2.955184e-09 
4.500000e-01 7.375781e-01 2.203853e-01 9.492031e-01 2.177932e-04 3.941522e-09 
4.625000e-01 7.337885e-01 2.389428e-01 9.893222e-01 2.371119e-04 4.580292e-09 
4.750000e-01 7.309422e-01 2.534825e-01 1.019570e+00 2.507128e-04 5.080314e-09 
4.875000e-01 7.290835e-01 2.632786e-01 1.039409e+00 2.591097e-04 5.414321e-09 
5.000000e-01 7.282349e-01 2.678348e-01 1.048496e+00 2.628043e-04 5.568439e-09 
5.125000e-01 7.284048e-01 2.669184e-01 1.046675e+00 2.620719e-04 5.537508e-09 
5.250000e-01 7.295916e-01 2.605761e-01 1.033978e+00 2.568550e-04 5.322519e-09 
5.375000e-01 7.317829e-01 2.491314e-01 1.010622e+00 2.467850e-04 4.931133e-09 
5.500000e-01 7.362140e-01 2.269648e-01 9.636315e-01 2.248920e-04 4.167708e-09 
5.625000e-01 7.405941e-01 2.062224e-01 9.173297e-01 2.015964e-04 3.460599e-09 
5.750000e-01 7.457815e-01 1.830367e-01 8.625060e-01 1.724655e-04 2.701394e-09 
5.875000e-01 7.516679e-01 1.584615e-01 8.002547e-01 1.383023e-04 1.966170e-09 
6.000000e-01 7.581556e-01 1.335406e-01 7.318893e-01 1.007486e-04 1.338870e-09 
6.125000e-01 7.652033e-01 1.092307e-01 6.589366e-01 6.223443e-05 8.941239e-10 
6.250000e-01 7.728837e-01 8.632657e-02 5.831177e-01 2.571203e-05 6.763475e-10 
6.375000e-01 7.814463e-01 6.539214e-02 5.063082e-01 5.807080e-06 6.828585e-10 
6.500000e-01 7.913917e-01 4.669860e-02 4.304753e-01 2.982984e-05 8.600885e-10 
6.625000e-01 8.083079e-01 2.509347e-02 3.342750e-01 4.793063e-05 1.205816e-09 
6.750000e-01 8.254192e-01 1.077230e-02 2.681746e-01 5.133828e-05 1.428931e-09 
6.875000e-01 8.480768e-01 2.782434e-03 2.089734e-01 4.786723e-05 1.558500e-09 
7.000000e-01 8.775563e-01 1.643326e-02 1.577820e-01 4.006999e-05 1.588549e-09 
7.125000e-01 9.137996e-01 3.084447e-02 1.151987e-01 3.059473e-05 1.547482e-09 
7.250000e-01 9.543151e-01 4.615197e-02 8.124739e-02 2.155239e-05 1.472540e-09 
7.375000e-01 9.939615e-01 6.168145e-02 5.538492e-02 1.417295e-05 1.389174e-09 
7.500000e-01 1.034343e+00 7.990632e-02 3.167930e-02 7.462427e-06 1.278145e-09 
7.625000e-01 1.048487e+00 8.877000e-02 2.025017e-02 4.423058e-06 1.192829e-09 
7.750000e-01 1.046769e+00 9.111579e-02 1.273349e-02 2.562462e-06 1.103785e-09 
7.875000e-01 1.031003e+00 8.580969e-02 7.928534e-03 1.454127e-06 1.012304e-09 
8.000000e-01 1.003717e+00 7.322432e-02 4.907165e-03 8.010987e-07 9.215536e-10 
8.125000e-01 9.666170e-01 5.516019e-02 3.021120e-03 4.212755e-07 8.351170e-10 
8.250000e-01 9.234104e-01 3.421351e-02 1.849767e-03 2.064767e-07 7.560075e-10 
8.375000e-01 8.830038e-01 1.294977e-02 1.130003e-03 8.972489e-08 6.859505e-10 
8.500000e-01 8.534304e-01 1.266747e-02 5.964582e-04 1.648887e-08 6.062483e-10 
8.625000e-01 8.562434e-01 2.852109e-02 3.858645e-04 5.016247e-09 5.539988e-10 
8.750000e-01 8.721937e-01 4.110863e-02 2.656830e-04 1.016284e-08 5.046015e-10 
8.875000e-01 8.844313e-01 5.046442e-02 1.946228e-04 7.034449e-09 4.549709e-10 
9.000000e-01 8.774122e-01 5.679851e-02 1.478157e-04 2.598261e-09 4.032329e-10 
9.125000e-01 8.464108e-01 6.042591e-02 1.131603e-04 2.186179e-10 3.491546e-10 
9.250000e-01 7.993867e-01 6.174730e-02 8.690455e-05 3.639115e-10 2.939931e-10 
9.375000e-01 7.491223e-01 6.124271e-02 6.871290e-05 4.020431e-10 2.399641e-10 
9.500000e-01 6.937460e-01 5.867527e-02 5.586887e-05 5.812347e-10 1.740849e-10 
9.625000e-01 6.659418e-01 5.607908e-02 5.241028e-05 8.146979e-10 1.323278e-10 
9.750000e-01 6.485719e-01 5.353815e-02 5.197088e-05 1.012685e-09 9.919637e-11 
9.875000e-01 6.381059e-01 5.156244e-02 5.289248e-05 1.126683e-09 7.597562e-11 
1.000000e+00 6.328298e-01 5.055902e-02 5.377582e-05 1.161293e-09 6.348606e-11 
