N dof dof^b t=0 0.016 0.004 0.001 
4 96 6.207382e+00 2.287054e-02 2.287027e-02 2.287054e-02 2.287054e-02 
8 384 1.080768e+01 1.351261e-04 1.349350e-04 1.351259e-04 1.351261e-04 
12 864 1.494877e+01 1.066058e-06 4.468833e-06 1.065870e-06 1.066058e-06 
16 1536 1.881726e+01 8.857261e-09 4.468834e-06 9.236462e-09 8.857045e-09 
20 2400 2.249492e+01 7.542700e-11 4.468834e-06 4.376061e-09 7.526146e-11 
24 3456 2.602732e+01 7.105427e-13 4.468834e-06 4.376089e-09 4.281242e-12 
28 4704 2.944333e+01 1.754152e-14 4.468834e-06 4.376082e-09 4.265033e-12 
32 6144 3.276276e+01 1.487699e-14 4.468834e-06 4.376075e-09 4.267253e-12 
36 7776 3.600000e+01 1.454392e-14 4.468834e-06 4.376063e-09 4.281242e-12 
