186 185 165 
54 52 53 
185 176 165 
176 177 165 
179 192 169 
1179 1151 1150 
1178 1179 1150 
1147 1178 1150 
1104 1147 1150 
192 193 169 
193 168 169 
190 189 168 
191 190 168 
1105 1104 1150 
1151 1105 1150 
1752 1846 1847 
1753 1752 1847 
1848 1753 1847 
738 717 737 
749 738 737 
194 191 168 
193 194 168 
259 261 172 
261 262 172 
748 749 737 
1495 1488 1494 
1535 1495 1494 
1534 1535 1494 
1493 1534 1494 
263 264 179 
266 267 195 
1487 1493 1494 
1488 1487 1494 
1241 1280 1281 
1242 1241 1281 
267 277 195 
277 276 195 
183 186 184 
186 189 184 
274 190 191 
165 177 166 
1282 1242 1281 
736 748 737 
716 736 737 
168 189 166 
717 716 737 
945 968 969 
946 945 969 
275 274 191 
970 946 969 
992 970 969 
991 992 969 
259 172 171 
268 227 181 
227 226 181 
968 991 969 
2003 2023 2022 
2002 2003 2022 
226 183 181 
2021 2002 2022 
1920 2021 2022 
183 184 181 
184 180 181 
1921 1920 2022 
180 268 181 
2023 1921 2022 
1382 1406 1388 
1383 1382 1388 
1389 1383 1388 
172 262 175 
1413 1389 1388 
1412 1413 1388 
1431 1412 1388 
262 263 175 
263 179 175 
179 178 175 
226 225 183 
1406 1431 1388 
1751 1750 1845 
1846 1751 1845 
414 413 399 
221 220 170 
220 259 170 
259 171 170 
171 222 170 
400 414 399 
379 400 399 
1750 1844 1845 
222 221 170 
1779 1887 1888 
179 264 192 
1780 1779 1888 
1889 1780 1888 
1970 1889 1888 
264 265 192 
1969 1970 1888 
1887 1969 1888 
189 186 166 
186 165 166 
172 175 174 
1708 1744 1709 
175 178 174 
1616 1708 1709 
1617 1616 1709 
1710 1617 1709 
178 177 174 
1745 1710 1709 
270 268 180 
1744 1745 1709 
271 270 180 
171 172 174 
224 223 176 
1245 1285 1246 
1205 1245 1246 
1206 1205 1246 
1247 1206 1246 
179 169 167 
183 225 185 
1286 1247 1246 
1285 1286 1246 
225 224 185 
274 272 190 
2070 2111 2071 
224 176 185 
1809 2070 2071 
1810 1809 2071 
169 168 167 
186 183 185 
189 190 182 
2072 1810 2071 
2110 2072 2071 
1275 446 196 
2111 2110 2071 
446 447 196 
593 1275 196 
258 616 267 
1933 1921 1934 
1953 1933 1934 
616 617 267 
1954 1953 1934 
1935 1954 1934 
597 596 206 
1922 1935 1934 
232 460 230 
460 461 230 
1921 1922 1934 
604 603 284 
190 272 182 
601 600 268 
1574 1677 1575 
1608 1574 1575 
1609 1608 1575 
602 601 269 
1576 1609 1575 
615 616 258 
1678 1576 1575 
1677 1678 1575 
601 268 269 
1860 1874 1977 
1978 1860 1977 
257 265 256 
457 458 240 
613 614 239 
294 605 289 
1949 1978 1977 
1976 1949 1977 
1874 1976 1977 
605 604 289 
1209 1186 1208 
604 284 289 
1249 1209 1208 
284 285 289 
1248 1249 1208 
458 236 240 
598 597 211 
597 206 211 
267 617 277 
1207 1248 1208 
298 294 296 
617 618 277 
1185 1207 1208 
272 271 182 
271 180 182 
1186 1185 1208 
1726 1987 1727 
1306 1726 1727 
180 184 182 
226 218 225 
1307 1306 1727 
595 594 199 
1474 1307 1727 
184 189 182 
265 257 266 
257 258 266 
1642 1474 1727 
1901 1642 1727 
258 267 266 
1987 1901 1727 
1891 1892 1783 
1782 1891 1783 
192 265 193 
1270 379 399 
1271 1270 399 
413 1271 399 
265 266 193 
610 611 229 
201 204 205 
266 195 193 
224 216 223 
1892 1784 1783 
63 64 1374 
1364 63 1374 
1375 1364 1374 
247 246 241 
246 240 241 
240 236 241 
236 237 241 
1399 1375 1374 
1398 1399 1374 
296 294 291 
621 622 297 
294 289 291 
1397 1398 1374 
64 1397 1374 
860 117 869 
870 860 869 
886 870 869 
885 886 869 
884 885 869 
118 884 869 
117 118 869 
289 285 291 
607 606 298 
276 277 283 
90 1015 1038 
89 90 1038 
623 624 298 
1045 89 1038 
277 618 283 
618 619 283 
606 294 298 
1044 1045 1038 
257 256 243 
1037 1044 1038 
238 239 243 
1015 1037 1038 
1807 2069 1808 
451 452 212 
207 451 212 
229 611 231 
1982 1807 1808 
1983 1982 1808 
611 612 231 
168 166 167 
222 212 221 
1809 1983 1808 
212 452 221 
271 272 279 
2070 1809 1808 
2069 2070 1808 
272 280 279 
1008 1030 1031 
280 285 279 
606 605 294 
285 284 279 
166 177 167 
237 232 233 
232 230 233 
230 229 233 
229 231 233 
231 234 233 
164 1 2 
234 237 233 
206 596 202 
1009 1008 1031 
1032 1009 1031 
596 595 202 
595 199 202 
1077 1032 1031 
199 201 202 
1076 1077 1031 
236 232 237 
201 205 202 
1030 1076 1031 
1905 2154 1906 
205 206 202 
1992 1905 1906 
1993 1992 1906 
599 598 219 
1907 1993 1906 
598 211 219 
211 218 219 
218 226 219 
2153 1907 1906 
2154 2153 1906 
177 178 167 
176 223 173 
223 222 173 
1228 1065 1148 
1229 1228 1148 
207 212 213 
1149 1229 1148 
1393 1149 1148 
459 460 232 
236 459 232 
212 222 213 
222 223 213 
223 216 213 
109 107 108 
239 614 244 
1065 1393 1148 
30 31 1721 
614 615 244 
615 258 244 
1757 30 1721 
1756 1757 1721 
1720 1756 1721 
1637 1720 1721 
453 454 259 
258 257 244 
257 243 244 
31 1637 1721 
243 239 244 
285 280 286 
143 144 2001 
280 281 286 
281 287 286 
291 285 286 
450 207 203 
449 450 203 
2020 143 2001 
2021 2020 2001 
2002 2021 2001 
2051 2002 2001 
144 2051 2001 
1544 1588 1589 
1545 1544 1589 
1590 1545 1589 
1626 1590 1589 
1625 1626 1589 
56 57 1323 
1588 1625 1589 
2143 2142 2065 
2064 2143 2065 
1803 2064 2065 
1804 1803 2065 
2066 1804 2065 
2142 2066 2065 
907 906 928 
929 907 928 
946 929 928 
945 946 928 
927 945 928 
906 927 928 
1896 1788 1787 
1895 1896 1787 
1786 1895 1787 
571 586 572 
556 571 572 
558 556 572 
1086 1112 1113 
1087 1086 1113 
1114 1087 1113 
1131 1114 1113 
1130 1131 1113 
1112 1130 1113 
1666 1667 1689 
1688 1666 1689 
1564 1688 1689 
133 134 1291 
1565 1564 1689 
1690 1565 1689 
1667 1690 1689 
1219 1268 1269 
1220 1219 1269 
1270 1220 1269 
573 558 572 
587 573 572 
586 587 572 
1228 926 925 
1227 1228 925 
924 1227 925 
985 924 925 
986 985 925 
926 986 925 
1500 1468 1499 
1517 1500 1499 
1516 1517 1499 
1498 1516 1499 
1467 1498 1499 
1468 1467 1499 
1097 1098 1072 
1071 1097 1072 
1026 1071 1072 
1027 1026 1072 
1073 1027 1072 
1098 1073 1072 
1469 1468 1500 
1501 1469 1500 
1518 1501 1500 
1517 1518 1500 
863 872 873 
864 863 873 
874 864 873 
890 874 873 
889 890 873 
872 889 873 
1065 1227 1064 
1308 1065 1064 
1307 1308 1064 
1063 1307 1064 
1226 1063 1064 
1227 1226 1064 
861 849 860 
870 861 860 
116 117 860 
849 116 860 
1162 1214 1215 
1163 1162 1215 
1216 1163 1215 
1257 1216 1215 
1256 1257 1215 
1214 1256 1215 
1397 1423 1398 
1424 1399 1398 
1423 1424 1398 
387 507 508 
388 387 508 
509 388 508 
635 509 508 
591 635 508 
507 591 508 
95 96 897 
1221 1222 919 
918 1221 919 
770 918 919 
771 770 919 
920 771 919 
1222 920 919 
1385 1390 1391 
1386 1385 1391 
1392 1386 1391 
1416 1392 1391 
1415 1416 1391 
1390 1415 1391 
663 682 664 
657 663 664 
1235 1274 1275 
1236 1235 1275 
1276 1236 1275 
658 657 664 
665 658 664 
946 947 929 
908 907 929 
930 908 929 
947 930 929 
1409 1410 1430 
1429 1409 1430 
1404 1429 1430 
1405 1404 1430 
1431 1405 1430 
1410 1431 1430 
1492 1532 1533 
1493 1492 1533 
1534 1493 1533 
1542 1534 1533 
1541 1542 1533 
1532 1541 1533 
2012 2032 2031 
2011 2012 2031 
2030 2011 2031 
1942 2030 2031 
1943 1942 2031 
2032 1943 2031 
1120 1138 1121 
1094 1120 1121 
1095 1094 1121 
1122 1095 1121 
1139 1122 1121 
1138 1139 1121 
1362 1385 1386 
1363 1362 1386 
1387 1363 1386 
1392 1387 1386 
2037 2017 2018 
2038 2037 2018 
2019 2038 2018 
2087 2019 2018 
2086 2087 2018 
2017 2086 2018 
1810 1984 1809 
1984 1983 1809 
4 5 250 
214 4 250 
251 214 250 
350 251 250 
290 350 250 
5 290 250 
1066 1091 1092 
1067 1066 1092 
1093 1067 1092 
1119 1093 1092 
1118 1119 1092 
1091 1118 1092 
895 896 882 
881 895 882 
879 881 882 
880 879 882 
883 880 882 
896 883 882 
683 665 664 
682 683 664 
578 607 579 
1233 1272 1273 
1234 1233 1273 
1274 1234 1273 
1802 1630 1801 
2063 1802 1801 
2062 2063 1801 
1800 2062 1801 
1629 1800 1801 
1630 1629 1801 
859 879 880 
98 859 880 
97 98 880 
883 97 880 
822 827 828 
823 822 828 
829 823 828 
837 829 828 
836 837 828 
827 836 828 
1085 88 1045 
1084 1085 1045 
1044 1084 1045 
88 89 1045 
1712 1711 1747 
1748 1712 1747 
1842 1748 1747 
1841 1842 1747 
1746 1841 1747 
1711 1746 1747 
1811 1810 2072 
2073 1811 2072 
2109 2073 2072 
2110 2109 2072 
1074 1029 1028 
1073 1074 1028 
1027 1073 1028 
1005 1027 1028 
1006 1005 1028 
1029 1006 1028 
1054 843 842 
1053 1054 842 
841 1053 842 
765 841 842 
766 765 842 
843 766 842 
1120 1094 1093 
1119 1120 1093 
14 15 1294 
1068 1067 1093 
1094 1068 1093 
1607 1606 1573 
1574 1607 1573 
1676 1574 1573 
1675 1676 1573 
1572 1675 1573 
1606 1572 1573 
2057 2056 2078 
2125 2057 2078 
2155 2125 2078 
1904 2155 2078 
2154 1904 2078 
2079 2154 2078 
2056 2079 2078 
1895 1874 1896 
1897 1788 1896 
1861 1897 1896 
1860 1861 1896 
1874 1860 1896 
1619 1686 1685 
1618 1619 1685 
1684 1618 1685 
1582 1684 1685 
1583 1582 1685 
1686 1583 1685 
1602 1596 1597 
1603 1602 1597 
1570 1603 1597 
1569 1570 1597 
1568 1569 1597 
1596 1568 1597 
820 104 816 
824 820 816 
819 824 816 
813 819 816 
105 813 816 
104 105 816 
1234 1274 1235 
1194 1234 1235 
1195 1194 1235 
1236 1195 1235 
771 920 772 
727 771 772 
728 727 772 
773 728 772 
921 773 772 
920 921 772 
1303 1302 1723 
1724 1303 1723 
1984 1724 1723 
1983 1984 1723 
1722 1983 1723 
1302 1722 1723 
2019 2039 2038 
1949 2037 2038 
1926 1949 2038 
2039 1926 2038 
1047 1017 1016 
1046 1047 1016 
126 1046 1016 
125 126 1016 
1017 125 1016 
1588 1543 1587 
1624 1588 1587 
1623 1624 1587 
1586 1623 1587 
1542 1586 1587 
1543 1542 1587 
2023 2003 2004 
2024 2023 2004 
2005 2024 2004 
2054 2005 2004 
2053 2054 2004 
2003 2053 2004 
1263 1313 1262 
565 578 579 
1830 565 579 
1831 1830 579 
1293 1261 1262 
1313 1293 1262 
1778 1887 1779 
608 1831 579 
2046 2094 2095 
2047 2046 2095 
2096 2047 2095 
2105 2096 2095 
2104 2105 2095 
2094 2104 2095 
2026 1925 1924 
2025 2026 1924 
1923 2025 1924 
1936 1923 1924 
1937 1936 1924 
1925 1937 1924 
1404 1380 1379 
1403 1404 1379 
1378 1403 1379 
1369 1378 1379 
1370 1369 1379 
1380 1370 1379 
1985 1725 1724 
1984 1985 1724 
1304 1303 1724 
1725 1304 1724 
1039 1032 1077 
1078 1039 1077 
1102 1078 1077 
1076 1102 1077 
1101 1127 1128 
1102 1101 1128 
1103 1102 1128 
1146 1103 1128 
1145 1146 1128 
1127 1145 1128 
1446 1481 1482 
1447 1446 1482 
1483 1447 1482 
1512 1483 1482 
1511 1512 1482 
1481 1511 1482 
967 966 989 
990 967 989 
1005 990 989 
1004 1005 989 
988 1004 989 
966 988 989 
1619 1712 1620 
1686 1619 1620 
1621 1686 1620 
1713 1621 1620 
1712 1713 1620 
1335 1327 1333 
1342 1335 1333 
1332 1342 1333 
1325 1332 1333 
1326 1325 1333 
1327 1326 1333 
1806 1982 1635 
1634 1806 1635 
1466 1634 1635 
1722 1466 1635 
1982 1722 1635 
1695 1586 1585 
1694 1695 1585 
1584 1694 1585 
1540 1584 1585 
1541 1540 1585 
1586 1541 1585 
1946 1945 2034 
2035 1946 2034 
2015 2035 2034 
2014 2015 2034 
2033 2014 2034 
1945 2033 2034 
1960 1868 1959 
1952 1960 1959 
1951 1952 1959 
1958 1951 1959 
1867 1958 1959 
1868 1867 1959 
2048 2096 2097 
2049 2048 2097 
2098 2049 2097 
2107 2098 2097 
2106 2107 2097 
2096 2106 2097 
944 968 945 
927 944 945 
1522 1557 1523 
1505 1522 1523 
1506 1505 1523 
1524 1506 1523 
1558 1524 1523 
1557 1558 1523 
1152 1153 1107 
1106 1152 1107 
1081 1106 1107 
1082 1081 1107 
1108 1082 1107 
1153 1108 1107 
2108 2073 2109 
2081 2108 2109 
2082 2081 2109 
2110 2082 2109 
1412 1444 1445 
1413 1412 1445 
1446 1413 1445 
1481 1446 1445 
1480 1481 1445 
1444 1480 1445 
1034 1040 1041 
1035 1034 1041 
1042 1035 1041 
1081 1042 1041 
1080 1081 1041 
1040 1080 1041 
1465 1464 1633 
1634 1465 1633 
1805 1634 1633 
1804 1805 1633 
1632 1804 1633 
1464 1632 1633 
78 79 1758 
1638 78 1758 
1759 1638 1758 
1854 1759 1758 
1853 1854 1758 
79 1853 1758 
1452 1439 1451 
1456 1452 1451 
1455 1456 1451 
1450 1455 1451 
1438 1450 1451 
1439 1438 1451 
1057 1058 1221 
845 1057 1221 
918 845 1221 
1059 1222 1221 
1058 1059 1221 
1088 1087 1114 
1115 1088 1114 
1132 1115 1114 
1131 1132 1114 
1922 2023 2024 
1923 1922 2024 
2025 1923 2024 
2005 2025 2024 
1165 1187 1188 
1166 1165 1188 
1189 1166 1188 
1219 1189 1188 
1218 1219 1188 
1187 1218 1188 
2061 2146 2062 
1800 2061 2062 
2145 2063 2062 
2146 2145 2062 
1764 1696 1647 
1646 1764 1647 
1664 1646 1647 
1648 1664 1647 
1696 1648 1647 
1931 1919 1932 
1951 1931 1932 
1952 1951 1932 
1933 1952 1932 
1920 1933 1932 
1919 1920 1932 
2145 2146 2133 
2132 2145 2133 
2119 2132 2133 
2120 2119 2133 
2134 2120 2133 
2146 2134 2133 
726 771 727 
511 726 727 
512 511 727 
728 512 727 
295 161 353 
473 295 353 
472 473 353 
352 472 353 
273 352 353 
161 273 353 
327 387 388 
470 327 388 
389 470 388 
509 389 388 
1997 2047 2048 
1998 1997 2048 
2049 1998 2048 
2047 2096 2048 
2040 2039 2019 
2089 2040 2019 
2088 2089 2019 
2087 2088 2019 
1223 1222 1060 
1061 1223 1060 
1304 1061 1060 
1303 1304 1060 
1059 1303 1060 
1222 1059 1060 
866 875 876 
867 866 876 
877 867 876 
893 877 876 
892 893 876 
875 892 876 
1492 1485 1491 
1532 1492 1491 
1531 1532 1491 
1513 1531 1491 
1484 1513 1491 
1485 1484 1491 
1645 1663 1662 
1641 1645 1662 
1661 1641 1662 
1667 1661 1662 
1668 1667 1662 
1663 1668 1662 
1434 1413 1446 
1447 1434 1446 
1192 1232 1233 
1193 1192 1233 
1234 1193 1233 
1232 1272 1233 
1732 1992 1993 
1733 1732 1993 
1994 1733 1993 
1907 1994 1993 
1164 1163 1216 
1187 1164 1216 
1257 1187 1216 
1081 1080 1106 
1151 1152 1106 
1105 1151 1106 
1080 1105 1106 
1069 1094 1095 
1070 1069 1095 
1096 1070 1095 
1122 1096 1095 
2103 2093 2102 
2120 2103 2102 
2119 2120 2102 
2101 2119 2102 
2092 2101 2102 
2093 2092 2102 
991 968 990 
1006 991 990 
1005 1006 990 
968 967 990 
1944 1945 1972 
1971 1944 1972 
1890 1971 1972 
1891 1890 1972 
1973 1891 1972 
1945 1973 1972 
1408 1441 1409 
1429 1408 1409 
1442 1410 1409 
1441 1442 1409 
2091 2090 2100 
2101 2091 2100 
2118 2101 2100 
2117 2118 2100 
2099 2117 2100 
2090 2099 2100 
1675 1652 1653 
1676 1675 1653 
1654 1676 1653 
1702 1654 1653 
1701 1702 1653 
1652 1701 1653 
1953 1960 1952 
1933 1953 1952 
1914 1997 1998 
1915 1914 1998 
1999 1915 1998 
2049 1999 1998 
1489 37 1457 
1488 1489 1457 
1456 1488 1457 
1452 1456 1457 
38 1452 1457 
37 38 1457 
1394 1312 1395 
1149 1394 1395 
151 1149 1395 
150 151 1395 
1312 150 1395 
1507 1478 1477 
1506 1507 1477 
1476 1506 1477 
1441 1476 1477 
1442 1441 1477 
1478 1442 1477 
1203 1244 1204 
1181 1203 1204 
1182 1181 1204 
1205 1182 1204 
1245 1205 1204 
1244 1245 1204 
1313 1263 1314 
1254 1313 1314 
1255 1254 1314 
1315 1255 1314 
1264 1315 1314 
1263 1264 1314 
136 137 1875 
131 132 1210 
1765 136 1875 
1766 1765 1875 
1767 1766 1875 
1876 1767 1875 
1866 1876 1875 
1865 1866 1875 
137 1865 1875 
2094 2093 2103 
2104 2094 2103 
2121 2104 2103 
2120 2121 2103 
984 965 964 
983 984 964 
963 983 964 
940 963 964 
941 940 964 
965 941 964 
1695 1622 1623 
1586 1695 1623 
1716 1624 1623 
1715 1716 1623 
1622 1715 1623 
1916 2000 1917 
1815 1916 1917 
1816 1815 1917 
27 1816 1917 
26 27 1917 
2000 26 1917 
1693 1568 1692 
1670 1693 1692 
1669 1670 1692 
1691 1669 1692 
1567 1691 1692 
1568 1567 1692 
1970 1943 1971 
1889 1970 1971 
1890 1889 1971 
1943 1944 1971 
2064 2063 2144 
2143 2064 2144 
2131 2143 2144 
2132 2131 2144 
2145 2132 2144 
2063 2145 2144 
904 889 903 
916 904 903 
915 916 903 
902 915 903 
888 902 903 
889 888 903 
1243 1244 1203 
1202 1243 1203 
1180 1202 1203 
1181 1180 1203 
1115 1132 1133 
1116 1115 1133 
1134 1116 1133 
1164 1134 1133 
1163 1164 1133 
1132 1163 1133 
1528 1510 1527 
1562 1528 1527 
1561 1562 1527 
1526 1561 1527 
1509 1526 1527 
1510 1509 1527 
1601 1549 1600 
1595 1601 1600 
1594 1595 1600 
1599 1594 1600 
1548 1599 1600 
1549 1548 1600 
1339 1353 1340 
1330 1339 1340 
1331 1330 1340 
1341 1331 1340 
1354 1341 1340 
1353 1354 1340 
1401 1376 1400 
1426 1401 1400 
1425 1426 1400 
1399 1425 1400 
1375 1399 1400 
1376 1375 1400 
1634 1466 1465 
1299 1464 1465 
1300 1299 1465 
1466 1300 1465 
387 386 507 
590 591 507 
506 590 507 
386 506 507 
1524 1507 1506 
1476 1505 1506 
1336 1348 1337 
1328 1336 1337 
47 1328 1337 
46 47 1337 
1349 46 1337 
1348 1349 1337 
1947 1946 2035 
2036 1947 2035 
2016 2036 2035 
2015 2016 2035 
912 899 911 
938 912 911 
937 938 911 
910 937 911 
898 910 911 
899 898 911 
2156 2126 2125 
2155 2156 2125 
2058 2057 2125 
2075 2058 2125 
2126 2075 2125 
1087 1046 1086 
128 1112 1086 
127 128 1086 
1046 127 1086 
1853 1818 1854 
1855 1759 1854 
1819 1855 1854 
1818 1819 1854 
1313 1254 1253 
1293 1313 1253 
1252 1293 1253 
1211 1252 1253 
1212 1211 1253 
1254 1212 1253 
607 608 579 
1286 1285 478 
479 1286 478 
1746 1840 1841 
1530 1513 1512 
1529 1530 1512 
1511 1529 1512 
1513 1483 1512 
1335 1346 1347 
1336 1335 1347 
1348 1336 1347 
1357 1348 1347 
1373 1357 1347 
1346 1373 1347 
1015 91 976 
1014 1015 976 
975 1014 976 
957 975 976 
92 957 976 
91 92 976 
1138 1169 1139 
1140 1122 1139 
1170 1140 1139 
1169 1170 1139 
1415 1436 1416 
1417 1392 1416 
1437 1417 1416 
111 112 817 
1436 1437 1416 
1539 1584 1540 
1531 1539 1540 
1532 1531 1540 
1541 1532 1540 
1165 1134 1164 
1187 1165 1164 
21 2124 2137 
20 21 2137 
35 36 1496 
2149 20 2137 
2136 2149 2137 
2123 2136 2137 
2124 2123 2137 
677 767 678 
591 677 678 
635 591 678 
724 635 678 
768 724 678 
767 768 678 
942 943 916 
915 942 916 
917 904 916 
943 917 916 
1944 1943 2032 
2033 1944 2032 
2013 2033 2032 
2012 2013 2032 
839 832 831 
830 839 831 
820 830 831 
103 820 831 
102 103 831 
832 102 831 
2091 2043 2042 
2090 2091 2042 
2041 2090 2042 
1929 2041 2042 
1930 1929 2042 
2043 1930 2042 
2108 2127 2074 
2073 2108 2074 
1812 2073 2074 
2157 1812 2074 
2127 2157 2074 
480 479 478 
486 480 478 
1890 1891 1782 
1781 1890 1782 
1760 1761 1640 
1639 1760 1640 
1660 1639 1640 
1661 1660 1640 
1641 1661 1640 
1761 1641 1640 
1251 1292 1252 
1210 1251 1252 
1211 1210 1252 
1292 1293 1252 
838 839 830 
829 838 830 
824 829 830 
820 824 830 
1577 1679 1680 
1578 1577 1680 
1681 1578 1680 
1658 1681 1680 
1657 1658 1680 
1679 1657 1680 
904 917 905 
890 904 905 
891 890 905 
906 891 905 
927 906 905 
917 927 905 
2141 2140 2067 
2066 2141 2067 
1805 2066 2067 
1806 1805 2067 
2068 1806 2067 
2140 2068 2067 
1342 1355 1335 
1336 1327 1335 
1355 1346 1335 
1425 1424 1407 
485 486 478 
1285 485 478 
1470 1471 1407 
1469 1470 1407 
1421 1469 1407 
1424 1421 1407 
851 862 863 
852 851 863 
864 852 863 
862 872 863 
930 947 948 
931 930 948 
949 931 948 
953 949 948 
971 953 948 
947 971 948 
1012 1034 1035 
1013 1012 1035 
1036 1013 1035 
1042 1036 1035 
2017 2036 2016 
2085 2017 2016 
2084 2085 2016 
2015 2084 2016 
1192 1170 1169 
1191 1192 1169 
1168 1191 1169 
1138 1168 1169 
1414 1389 1413 
1434 1414 1413 
868 867 877 
878 868 877 
894 878 877 
893 894 877 
1316 1264 1265 
1266 1316 1265 
786 776 785 
791 786 785 
790 791 785 
2151 2052 2150 
1908 2151 2150 
146 1908 2150 
145 146 2150 
2051 145 2150 
2052 2051 2150 
1130 1161 1131 
1162 1132 1131 
1161 1162 1131 
1428 1408 1429 
1403 1428 1429 
1404 1403 1429 
1974 1947 1975 
1893 1974 1975 
1873 1893 1975 
1976 1873 1975 
1948 1976 1975 
1947 1948 1975 
1100 1075 1074 
1099 1100 1074 
1073 1099 1074 
1075 1029 1074 
1632 1464 1463 
1631 1632 1463 
1462 1631 1463 
1297 1462 1463 
1298 1297 1463 
1464 1298 1463 
857 868 858 
848 857 858 
859 848 858 
879 859 858 
878 879 858 
868 878 858 
1156 1185 1157 
1111 1156 1157 
86 1111 1157 
85 86 1157 
1186 85 1157 
1185 1186 1157 
846 857 847 
832 846 847 
101 832 847 
100 101 847 
848 100 847 
857 848 847 
1903 2156 2155 
1904 1903 2155 
124 125 995 
1304 1305 1061 
1224 1223 1061 
1062 1224 1061 
1305 1062 1061 
892 875 891 
906 892 891 
874 890 891 
875 874 891 
1025 1003 1002 
1024 1025 1002 
1001 1024 1002 
983 1001 1002 
984 983 1002 
1003 984 1002 
1201 1241 1242 
1202 1201 1242 
1243 1202 1242 
1282 1243 1242 
1984 1810 1985 
1986 1725 1985 
1811 1986 1985 
1810 1811 1985 
1399 1424 1425 
784 790 785 
856 868 857 
846 856 857 
2085 2113 2086 
2017 2085 2086 
2114 2087 2086 
2113 2114 2086 
855 839 838 
854 855 838 
837 854 838 
48 49 1322 
829 837 838 
974 973 1012 
1013 974 1012 
1011 1034 1012 
973 1011 1012 
1961 1953 1954 
1962 1961 1954 
1955 1962 1954 
1935 1955 1954 
957 952 956 
975 957 956 
974 975 956 
955 974 956 
951 955 956 
952 951 956 
98 99 859 
99 848 859 
1593 1565 1594 
1599 1593 1594 
1566 1595 1594 
1565 1566 1594 
2030 1942 1941 
2029 2030 1941 
1940 2029 1941 
1968 1940 1941 
1969 1968 1941 
1942 1969 1941 
1660 1659 1639 
1759 1760 1639 
1638 1759 1639 
1659 1638 1639 
1665 1659 1660 
1666 1665 1660 
1661 1666 1660 
1366 1356 1364 
1365 1366 1364 
1375 1365 1364 
62 63 1364 
1356 62 1364 
1063 1062 1306 
1307 1063 1306 
1305 1726 1306 
1062 1305 1306 
1616 1617 1683 
993 971 970 
992 993 970 
947 946 970 
971 947 970 
1312 1394 1311 
1732 1312 1311 
1731 1732 1311 
1310 1731 1311 
1393 1310 1311 
1394 1393 1311 
890 889 904 
997 978 996 
1019 997 996 
1018 1019 996 
995 1018 996 
977 995 996 
978 977 996 
1604 1571 1605 
1553 1604 1605 
1554 1553 1605 
1606 1554 1605 
1572 1606 1605 
1571 1572 1605 
2081 2013 2012 
2077 2081 2012 
2011 2077 2012 
768 844 845 
769 768 845 
918 769 845 
1056 1057 845 
844 1056 845 
1613 1562 1561 
1612 1613 1561 
1560 1612 1561 
1526 1560 1561 
1345 1355 1344 
1371 1345 1344 
1370 1371 1344 
1343 1370 1344 
1354 1343 1344 
1355 1354 1344 
92 93 957 
93 952 957 
917 944 927 
2046 1991 2045 
2094 2046 2045 
2093 2094 2045 
2044 2093 2045 
1990 2044 2045 
1991 1990 2045 
982 983 963 
962 982 963 
939 962 963 
940 939 963 
1955 1935 1936 
1956 1955 1936 
920 1222 1223 
1937 1956 1936 
1935 1923 1936 
1177 1200 1178 
1147 1177 1178 
1201 1179 1178 
1200 1201 1178 
2077 2127 2108 
2081 2077 2108 
1580 1614 1613 
1579 1580 1613 
1612 1579 1613 
1614 1562 1613 
1742 1706 1741 
1836 1742 1741 
1835 1836 1741 
1740 1835 1741 
1705 1740 1741 
1706 1705 1741 
775 784 785 
1730 1827 1828 
1734 1730 1828 
1829 1734 1828 
776 775 785 
712 733 713 
1903 1644 1643 
1902 1903 1643 
1979 1927 1928 
1642 1902 1643 
1474 1642 1643 
1475 1474 1643 
1644 1475 1643 
1082 1042 1081 
1983 1722 1982 
1806 1807 1982 
1628 1629 1460 
1459 1628 1460 
1294 1459 1460 
1295 1294 1460 
1461 1295 1460 
1629 1461 1460 
700 712 713 
701 700 713 
1217 1316 1266 
1267 1217 1266 
141 142 1918 
1931 141 1918 
1919 1931 1918 
2020 1919 1918 
142 2020 1918 
1283 1244 1243 
1282 1283 1243 
966 942 965 
988 966 965 
984 988 965 
942 941 965 
1049 1019 1018 
1048 1049 1018 
1017 1048 1018 
995 1017 1018 
907 892 906 
1043 1083 1044 
1037 1043 1044 
1083 1084 1044 
2006 2026 2025 
2005 2006 2025 
1071 1025 1070 
1096 1071 1070 
1024 1069 1070 
1025 1024 1070 
1082 1083 1043 
1042 1082 1043 
1036 1042 1043 
1037 1036 1043 
988 1003 1004 
1027 1005 1004 
1026 1027 1004 
1003 1026 1004 
2083 2111 2084 
2015 2083 2084 
2112 2085 2084 
2111 2112 2084 
1301 1466 1722 
1302 1301 1722 
1909 1988 1989 
1910 1909 1989 
1990 1910 1989 
2044 1990 1989 
2043 2044 1989 
1930 2043 1989 
1988 1930 1989 
960 937 936 
959 960 936 
935 959 936 
121 935 936 
910 121 936 
148 149 1733 
937 910 936 
1108 1083 1082 
2011 2076 2077 
2076 2127 2077 
1110 1156 1111 
1085 1110 1111 
87 1085 1111 
86 87 1111 
1411 1431 1410 
1443 1411 1410 
1442 1443 1410 
1232 1192 1191 
1231 1232 1191 
1190 1231 1191 
1168 1190 1191 
1393 1394 1149 
1230 1229 1149 
152 1230 1149 
151 152 1149 
1135 1117 1134 
1165 1135 1134 
1117 1116 1134 
1739 1740 1704 
1703 1739 1704 
1655 1703 1704 
1656 1655 1704 
1705 1656 1704 
1740 1705 1704 
1381 1372 1371 
1380 1381 1371 
1370 1380 1371 
1372 1345 1371 
1296 1297 1053 
1052 1296 1053 
841 1052 1053 
1297 1054 1053 
967 968 944 
943 967 944 
917 943 944 
1213 1254 1255 
1214 1213 1255 
1256 1214 1255 
1315 1256 1255 
326 387 327 
290 326 327 
350 290 327 
470 350 327 
2052 2053 2003 
2002 2052 2003 
994 1010 972 
953 994 972 
954 953 972 
973 954 972 
1011 973 972 
1010 1011 972 
134 135 1258 
1291 134 1258 
1259 1291 1258 
714 701 713 
734 714 713 
135 1765 1258 
215 214 251 
252 215 251 
351 252 251 
350 351 251 
2050 2049 2098 
24 2050 2098 
23 24 2098 
2107 23 2098 
1903 1902 2156 
67 68 1458 
2157 2126 2156 
1902 2157 2156 
1791 1899 1900 
1792 1791 1900 
1909 1792 1900 
1864 1909 1900 
1899 1864 1900 
1803 1632 1631 
1802 1803 1631 
1630 1802 1631 
1462 1630 1631 
1876 1867 1877 
1768 1876 1877 
1769 1768 1877 
1878 1769 1877 
1868 1878 1877 
1867 1868 1877 
1284 1245 1244 
1283 1284 1244 
1725 1305 1304 
961 937 960 
980 961 960 
979 980 960 
959 979 960 
1468 1420 1419 
1467 1468 1419 
45 46 1349 
1458 1467 1419 
67 1458 1419 
66 67 1419 
1422 66 1419 
1420 1422 1419 
1650 1673 1672 
1649 1650 1672 
1671 1649 1672 
1693 1671 1672 
733 734 713 
424 423 409 
1127 1101 1100 
1126 1127 1100 
1099 1126 1100 
1101 1075 1100 
1284 1285 1245 
887 870 886 
901 887 886 
900 901 886 
885 900 886 
1804 2066 1805 
1806 1634 1805 
1478 1443 1442 
822 817 821 
827 822 821 
826 827 821 
113 826 821 
112 113 821 
817 112 821 
865 864 874 
875 865 874 
19 20 2149 
2059 19 2149 
2148 2059 2149 
2136 2148 2149 
1183 1182 1205 
1206 1183 1205 
1731 1992 1732 
1733 1312 1732 
1474 1308 1307 
1079 1104 1105 
1080 1079 1105 
1427 1401 1426 
1433 1427 1426 
1432 1433 1426 
1973 1945 1946 
1974 1973 1946 
1947 1974 1946 
115 116 849 
1140 1171 1141 
1123 1140 1141 
1124 1123 1141 
1142 1124 1141 
1172 1142 1141 
1171 1172 1141 
1435 1448 1436 
1415 1435 1436 
1449 1437 1436 
1448 1449 1436 
2008 2058 2009 
2028 2008 2009 
2029 2028 2009 
2010 2029 2009 
2075 2010 2009 
2058 2075 2009 
1749 1748 1843 
99 100 848 
1844 1749 1843 
410 424 409 
397 410 409 
396 397 409 
1748 1842 1843 
1377 1376 1401 
1402 1377 1401 
1427 1402 1401 
471 391 472 
352 471 472 
392 473 472 
391 392 472 
1013 975 974 
955 973 974 
2010 2011 2030 
2029 2010 2030 
1907 2153 2152 
1908 1907 2152 
2151 1908 2152 
2053 2151 2152 
2054 2053 2152 
2080 2054 2152 
2153 2080 2152 
408 396 409 
1915 1814 1813 
1914 1915 1813 
1797 1914 1813 
423 408 409 
762 1793 784 
12 13 840 
764 12 840 
14 1294 1051 
841 764 840 
1052 841 840 
1051 1052 840 
13 1051 840 
13 14 1051 
1916 1814 1915 
1999 1916 1915 
1738 1739 1703 
1702 1738 1703 
1654 1702 1703 
1655 1654 1703 
1014 1036 1037 
1015 1014 1037 
1231 1271 1232 
1271 1272 1232 
1612 1578 1579 
1682 1580 1579 
1681 1682 1579 
1578 1681 1579 
865 853 864 
853 852 864 
986 926 987 
732 986 987 
155 732 987 
154 155 987 
926 154 987 
1844 1750 1749 
1713 1748 1749 
1714 1713 1749 
1750 1714 1749 
2089 2041 2040 
1927 2039 2040 
1928 1927 2040 
2041 1928 2040 
1610 1576 1577 
21 22 2124 
1611 1610 1577 
1578 1611 1577 
1576 1679 1577 
1406 1382 1381 
1405 1406 1381 
153 154 926 
1380 1405 1381 
1382 1372 1381 
2037 2036 2017 
1904 1644 1903 
2055 2006 2005 
2054 2055 2005 
1033 1039 1040 
1034 1033 1040 
1079 1080 1040 
1039 1079 1040 
939 912 938 
962 939 938 
961 962 938 
937 961 938 
961 981 962 
981 982 962 
163 164 188 
162 163 188 
273 162 188 
215 273 188 
187 215 188 
164 187 188 
1806 2068 1807 
2068 2069 1807 
763 762 784 
775 763 784 
1378 1368 1377 
1402 1378 1377 
1412 1431 1411 
1444 1412 1411 
1443 1444 1411 
1098 1099 1073 
1794 790 784 
1793 1794 784 
641 657 658 
1876 1768 1767 
132 133 1251 
1210 132 1251 
1291 1292 1251 
133 1291 1251 
1996 2047 1997 
1913 1996 1997 
1914 1913 1997 
1812 1811 2073 
1180 1152 1151 
1179 1180 1151 
1950 1958 1957 
139 1950 1957 
138 139 1957 
1865 138 1957 
1866 1865 1957 
1958 1866 1957 
1295 1461 1296 
1052 1295 1296 
1462 1297 1296 
1461 1462 1296 
1551 1517 1516 
1550 1551 1516 
1515 1550 1516 
1498 1515 1516 
110 111 814 
815 110 814 
818 815 814 
817 818 814 
111 817 814 
984 1003 988 
1051 1295 1052 
839 855 856 
846 839 856 
867 868 856 
27 28 1816 
855 867 856 
1090 1049 1089 
1116 1090 1089 
1115 1116 1089 
1088 1115 1089 
1048 1088 1089 
1049 1048 1089 
1538 1530 1529 
1563 1538 1529 
1528 1563 1529 
1511 1528 1529 
1583 1584 1539 
1538 1583 1539 
1530 1538 1539 
1531 1530 1539 
2090 2041 2089 
2099 2090 2089 
2088 2099 2089 
1435 1414 1434 
1447 1435 1434 
642 641 658 
659 642 658 
1963 1964 1872 
1871 1963 1872 
1881 1871 1872 
1882 1881 1872 
941 942 915 
914 941 915 
902 914 915 
1855 1760 1759 
1572 1674 1675 
1674 1652 1675 
665 659 658 
1909 1793 1792 
900 899 912 
913 900 912 
939 913 912 
1667 1666 1661 
1763 1762 1858 
1762 1857 1858 
2064 1803 1802 
2063 2064 1802 
1432 1472 1433 
1408 1427 1433 
1440 1408 1433 
1473 1440 1433 
1472 1473 1433 
1550 1515 1549 
1601 1550 1549 
1514 1548 1549 
1515 1514 1549 
1913 1914 1797 
1796 1913 1797 
740 720 719 
739 740 719 
1050 1091 1066 
1020 1050 1066 
1021 1020 1066 
1067 1021 1066 
958 959 935 
122 958 935 
121 122 935 
1869 1961 1870 
1879 1869 1870 
1880 1879 1870 
1871 1880 1870 
2088 2115 2116 
1962 1871 1870 
1961 1962 1870 
129 130 1129 
1112 129 1129 
1130 1112 1129 
1160 1130 1129 
1159 1160 1129 
130 1159 1129 
834 826 825 
833 834 825 
114 833 825 
113 114 825 
826 113 825 
1910 1990 1911 
1794 1910 1911 
1795 1794 1911 
1912 1795 1911 
1057 1301 1058 
1991 1912 1911 
1990 1991 1911 
1431 1406 1405 
1380 1404 1405 
724 509 635 
1090 1091 1050 
1049 1090 1050 
1019 1049 1050 
1020 1019 1050 
1211 1159 1158 
1210 1211 1158 
131 1210 1158 
130 131 1158 
1159 130 1158 
675 11 764 
765 675 764 
841 765 764 
11 12 764 
1256 1316 1257 
1217 1187 1257 
1316 1217 1257 
1583 1538 1582 
1581 1684 1582 
1614 1581 1582 
1538 1614 1582 
950 933 932 
949 950 932 
931 949 932 
895 931 932 
896 895 932 
728 773 729 
933 896 932 
1790 1789 1898 
1899 1790 1898 
1863 1899 1898 
1862 1863 1898 
1897 1862 1898 
1789 1897 1898 
1894 1785 1893 
1873 1894 1893 
1892 1974 1893 
1784 1892 1893 
84 85 1186 
1785 1784 1893 
351 352 252 
273 215 252 
352 273 252 
1014 1013 1036 
1543 1535 1534 
1542 1543 1534 
2118 2119 2101 
2092 2091 2101 
1522 1556 1557 
1609 1558 1557 
1608 1609 1557 
1556 1608 1557 
1705 1657 1656 
1678 1655 1656 
1679 1678 1656 
1657 1679 1656 
506 9 589 
590 506 589 
676 590 589 
675 676 589 
10 675 589 
9 10 589 
818 822 823 
819 818 823 
824 819 823 
829 824 823 
1097 1123 1124 
1098 1097 1124 
1125 1098 1124 
1142 1125 1124 
1171 1193 1194 
1172 1171 1194 
1195 1172 1194 
1193 1234 1194 
1117 1091 1090 
1116 1117 1090 
1822 1857 1821 
718 739 719 
706 718 719 
707 706 719 
1856 1820 1821 
1857 1856 1821 
1308 1309 1065 
1228 1227 1065 
1309 1393 1065 
1486 1493 1487 
1455 1486 1487 
1456 1455 1487 
1488 1456 1487 
926 1228 1229 
1230 926 1229 
2076 2011 2010 
2075 2076 2010 
846 832 839 
1443 1478 1479 
1444 1443 1479 
1480 1444 1479 
1509 1480 1479 
1508 1509 1479 
1478 1508 1479 
900 913 901 
902 887 901 
914 902 901 
913 914 901 
1940 2028 2029 
878 881 879 
951 933 950 
955 951 950 
954 955 950 
949 954 950 
980 981 961 
720 707 719 
1956 1965 1964 
1963 1956 1964 
1396 1392 1417 
1418 1396 1417 
1438 1418 1417 
1437 1438 1417 
1711 1712 1619 
1618 1711 1619 
31 32 1637 
1117 1118 1091 
1118 1117 1135 
1136 1118 1135 
1166 1136 1135 
1165 1166 1135 
526 504 525 
81 1290 1817 
80 81 1817 
1853 80 1817 
1818 1853 1817 
1161 1213 1214 
1162 1161 1214 
1948 2036 2037 
1949 1948 2037 
1677 1654 1655 
1678 1677 1655 
1616 1615 1708 
1743 1744 1708 
1707 1743 1708 
1615 1707 1708 
834 850 851 
835 834 851 
852 835 851 
850 862 851 
541 526 525 
540 541 525 
1814 1916 1815 
524 540 525 
1505 1473 1504 
1522 1505 1504 
1521 1522 1504 
1503 1521 1504 
1472 1503 1504 
1473 1472 1504 
96 97 883 
897 96 883 
896 897 883 
1321 1320 1325 
1326 1321 1325 
1324 1332 1325 
1320 1324 1325 
386 387 326 
7 386 326 
6 7 326 
290 6 326 
1665 1666 1688 
1687 1665 1688 
1564 1687 1688 
1301 1300 1466 
1422 1423 1397 
65 1422 1397 
64 65 1397 
81 82 1290 
470 351 350 
866 855 854 
865 866 854 
853 865 854 
837 853 854 
1474 1309 1308 
147 1995 1908 
146 147 1908 
1994 1907 1908 
1995 1994 1908 
2000 1916 1999 
2050 2000 1999 
1384 1361 1360 
2049 2050 1999 
1125 1126 1099 
1098 1125 1099 
1950 1931 1951 
1958 1950 1951 
1793 1910 1794 
503 524 525 
1606 1555 1554 
2124 22 2107 
22 23 2107 
1519 1553 1554 
1520 1519 1554 
1555 1520 1554 
1022 1021 1067 
1068 1022 1067 
1671 1693 1670 
1648 1671 1670 
1664 1648 1670 
1669 1664 1670 
1420 1468 1469 
1421 1420 1469 
1501 1470 1469 
1697 1648 1696 
1729 1697 1696 
1728 1729 1696 
1764 1728 1696 
79 80 1853 
1200 1177 1199 
1240 1200 1199 
1239 1240 1199 
1198 1239 1199 
1176 1198 1199 
1177 1176 1199 
1363 1359 1362 
1361 1385 1362 
1358 1361 1362 
1360 1361 1357 
1361 1358 1357 
1359 1358 1362 
2014 2083 2015 
2053 2052 2151 
61 62 1356 
1366 61 1356 
1988 1909 1864 
1981 1988 1864 
1863 1981 1864 
1899 1863 1864 
1390 1389 1414 
1415 1390 1414 
1435 1415 1414 
1197 1196 1237 
1541 1586 1542 
1238 1197 1237 
941 914 940 
914 913 940 
1277 1238 1237 
1276 1277 1237 
1236 1276 1237 
1196 1236 1237 
1550 1602 1551 
1552 1517 1551 
1603 1552 1551 
1602 1603 1551 
833 850 834 
835 826 834 
504 503 525 
513 514 393 
392 513 393 
473 392 393 
474 473 393 
1795 795 790 
2104 2122 2105 
2122 2123 2105 
1794 1795 790 
796 791 790 
1184 1155 1183 
1206 1184 1183 
1154 1182 1183 
1155 1154 1183 
1198 1197 1238 
1239 1198 1238 
1278 1239 1238 
1277 1278 1238 
1968 1969 1887 
1886 1968 1887 
1778 1886 1887 
1189 1219 1220 
1190 1189 1220 
1231 1190 1220 
1270 1231 1220 
1698 1730 1734 
1699 1698 1734 
1735 1699 1734 
1829 1735 1734 
55 56 1319 
1317 55 1319 
1320 1317 1319 
1324 1320 1319 
1323 1324 1319 
56 1323 1319 
1979 1862 1861 
1978 1979 1861 
1860 1978 1861 
1862 1897 1861 
1762 1645 1641 
1761 1762 1641 
1007 992 991 
1006 1007 991 
71 72 1598 
1874 1894 1873 
1976 1874 1873 
1026 1025 1071 
1096 1097 1071 
1615 1616 1682 
1681 1615 1682 
1683 1580 1682 
1616 1683 1682 
795 796 790 
1423 1421 1424 
871 887 888 
872 871 888 
889 872 888 
887 902 888 
2118 2132 2119 
688 671 670 
687 688 670 
1745 1839 1840 
1746 1745 1840 
101 102 832 
2154 2080 2153 
1156 1155 1184 
1185 1156 1184 
1207 1185 1184 
1206 1207 1184 
1328 1327 1336 
1182 1153 1181 
1152 1180 1181 
1153 1152 1181 
1109 1084 1083 
1108 1109 1083 
295 473 474 
160 295 474 
159 160 474 
1501 1519 1502 
1470 1501 1502 
1471 1470 1502 
1503 1471 1502 
1520 1503 1502 
1519 1520 1502 
1341 1342 1332 
1331 1341 1332 
1324 1331 1332 
1846 1752 1751 
1715 1750 1751 
1716 1715 1751 
1752 1716 1751 
1786 1785 1894 
1895 1786 1894 
1874 1895 1894 
1441 1408 1440 
1476 1441 1440 
1473 1476 1440 
1837 1742 1836 
669 687 670 
649 669 670 
650 649 670 
2079 2056 2055 
2080 2079 2055 
2054 2080 2055 
671 650 670 
2056 2006 2055 
930 909 908 
893 907 908 
894 893 908 
909 894 908 
1562 1614 1563 
1528 1562 1563 
1614 1538 1563 
1310 1393 1309 
1475 1310 1309 
1474 1475 1309 
93 94 952 
1327 1322 1326 
50 1321 1326 
49 50 1326 
1322 49 1326 
417 433 432 
416 417 432 
1390 1384 1389 
1384 1383 1389 
1046 1087 1047 
1048 1017 1047 
1088 1048 1047 
1087 1088 1047 
1609 1576 1610 
1558 1609 1610 
1559 1558 1610 
1611 1559 1610 
1986 1987 1726 
1725 1986 1726 
1305 1725 1726 
2154 2079 2080 
1757 1851 1852 
29 1757 1852 
28 29 1852 
1816 28 1852 
1866 1958 1867 
1876 1866 1867 
1960 1869 1868 
1869 1878 1868 
431 416 432 
1287 1247 1286 
985 923 924 
1226 1227 924 
923 1226 924 
1010 1032 1033 
1011 1010 1033 
1034 1011 1033 
1032 1039 1033 
1136 1137 1119 
1611 1578 1612 
1560 1611 1612 
1909 1910 1793 
451 431 432 
452 451 432 
1729 1826 1827 
1730 1729 1827 
433 452 432 
567 551 566 
581 567 566 
1358 1349 1348 
1357 1358 1348 
999 1021 1022 
1000 999 1022 
1023 1000 1022 
1068 1023 1022 
1707 1706 1742 
1743 1707 1742 
1837 1743 1742 
1322 1327 1328 
48 1322 1328 
47 48 1328 
1160 1161 1130 
1196 1195 1236 
1535 1543 1544 
1536 1535 1544 
1545 1536 1544 
1543 1588 1544 
580 581 566 
1277 580 566 
1774 1773 1882 
1278 1277 566 
1857 1762 1761 
1856 1857 1761 
1760 1856 1761 
1218 1268 1219 
1503 1472 1471 
1472 1432 1471 
1079 1039 1078 
1104 1079 1078 
1103 1104 1078 
1102 1103 1078 
971 994 953 
954 949 953 
980 998 999 
981 980 999 
1000 981 999 
998 1021 999 
1657 1705 1706 
1658 1657 1706 
1707 1658 1706 
677 591 590 
676 677 590 
1926 1927 1978 
1949 1926 1978 
1927 1979 1978 
1009 993 1008 
1007 1030 1008 
992 1007 1008 
993 992 1008 
1179 1201 1202 
1180 1179 1202 
1154 1109 1108 
1153 1154 1108 
1939 2028 1940 
1967 1939 1940 
1968 1967 1940 
1897 1789 1788 
766 767 677 
676 766 677 
1892 1891 1973 
1974 1892 1973 
215 187 214 
3 4 214 
187 3 214 
8 506 386 
7 8 386 
1969 1942 1970 
1942 1943 1970 
1625 1588 1624 
1717 1625 1624 
1716 1717 1624 
1863 1862 1980 
1981 1863 1980 
1929 1981 1980 
1928 1929 1980 
1979 1928 1980 
1862 1979 1980 
865 875 866 
867 855 866 
1560 1526 1525 
1559 1560 1525 
1524 1559 1525 
1507 1524 1525 
1508 1507 1525 
1526 1508 1525 
2140 2113 2139 
2068 2140 2139 
2069 2068 2139 
1992 1904 1905 
2138 2069 2139 
2112 2138 2139 
2113 2112 2139 
1912 1996 1913 
1796 1912 1913 
2122 2104 2121 
2135 2122 2121 
2134 2135 2121 
2120 2134 2121 
1511 1510 1528 
1949 1976 1948 
1947 2036 1948 
1447 1448 1435 
512 391 511 
510 726 511 
390 510 511 
391 390 511 
2147 2146 2061 
2060 2147 2061 
1905 1904 2154 
1799 2060 2061 
1800 1799 2061 
1248 1247 1287 
1288 1248 1287 
33 34 1546 
551 1278 566 
1753 1717 1752 
1717 1716 1752 
1566 1691 1567 
1595 1566 1567 
1596 1595 1567 
1568 1596 1567 
1858 1822 1823 
1859 1858 1823 
1824 1859 1823 
687 700 701 
1929 1930 1981 
1930 1988 1981 
943 966 967 
1170 1192 1193 
1171 1170 1193 
2060 1798 2059 
2148 2060 2059 
862 871 872 
18 19 2059 
1798 18 2059 
1735 1830 1736 
1700 1735 1736 
1701 1700 1736 
1737 1701 1736 
1831 1737 1736 
1830 1831 1736 
1764 1763 1859 
1728 1764 1859 
1825 1728 1859 
1068 1069 1023 
1069 1024 1023 
1824 1825 1859 
1763 1858 1859 
1453 1485 1454 
1449 1453 1454 
1450 1449 1454 
1455 1450 1454 
1486 1455 1454 
1485 1486 1454 
1160 1213 1161 
1323 1330 1331 
1324 1323 1331 
1601 1602 1550 
1007 1006 1029 
1030 1007 1029 
1075 1030 1029 
1564 1593 1592 
73 1564 1592 
72 73 1592 
1598 72 1592 
1593 1598 1592 
90 91 1015 
1754 1753 1848 
1849 1754 1848 
1372 1382 1373 
1346 1372 1373 
1360 1357 1373 
1383 1360 1373 
1382 1383 1373 
1239 1278 1279 
1240 1239 1279 
1280 1240 1279 
688 687 701 
1899 1791 1790 
1367 1366 1365 
702 688 701 
1375 1376 1365 
1713 1712 1748 
769 770 725 
724 769 725 
509 724 725 
510 509 725 
726 510 725 
152 153 1230 
153 926 1230 
770 726 725 
955 954 973 
140 141 1931 
1950 140 1931 
1644 1992 1731 
1475 1644 1731 
1310 1475 1731 
1058 1301 1302 
1059 1058 1302 
1303 1059 1302 
1355 1341 1354 
1353 1343 1354 
1699 1650 1698 
1697 1730 1698 
1649 1697 1698 
1650 1649 1698 
76 77 1659 
909 930 931 
895 909 931 
2007 2006 2056 
2057 2007 2056 
1627 1628 1459 
16 1627 1459 
15 16 1459 
1294 15 1459 
714 702 701 
2147 2134 2146 
1740 1834 1835 
975 1013 1014 
1771 1879 1880 
1772 1771 1880 
1881 1772 1880 
1871 1881 1880 
2127 2126 2157 
1901 1812 2157 
2117 2116 2130 
1902 1901 2157 
423 439 438 
422 423 438 
730 729 774 
985 730 774 
923 985 774 
922 923 774 
773 922 774 
729 773 774 
2082 2013 2081 
1921 2023 1922 
1923 1935 1922 
1919 2020 2021 
1920 1919 2021 
1714 1750 1715 
1622 1714 1715 
1521 1556 1522 
884 898 899 
885 884 899 
900 885 899 
1162 1163 1132 
1174 1196 1197 
1175 1174 1197 
1198 1175 1197 
1763 1764 1646 
1645 1763 1646 
1663 1645 1646 
1664 1663 1646 
1965 1956 1937 
1938 1965 1937 
1925 1938 1937 
1486 1485 1492 
1493 1486 1492 
835 827 826 
1289 1249 1288 
1498 1458 1497 
1458 68 1497 
68 69 1497 
2135 2134 2147 
2148 2135 2147 
1515 1498 1497 
2060 2148 2147 
2013 2014 2033 
1945 1944 2033 
893 892 907 
2128 2115 2114 
1927 1926 2039 
1584 1583 1686 
1694 1584 1686 
1621 1694 1686 
1147 1104 1103 
1146 1147 1103 
1207 1247 1248 
1288 1249 1248 
1745 1746 1710 
1618 1617 1710 
2092 2043 2091 
1711 1618 1710 
1746 1711 1710 
74 75 1687 
1511 1481 1510 
1480 1509 1510 
1481 1480 1510 
1428 1402 1427 
1408 1428 1427 
1345 1372 1346 
1355 1345 1346 
1607 1555 1606 
1453 1449 1448 
1484 1453 1448 
1483 1484 1448 
1447 1483 1448 
1776 1884 1885 
1912 1796 1795 
1886 1967 1968 
1558 1559 1524 
1291 1259 1260 
1292 1291 1260 
40 41 1418 
1261 1292 1260 
1173 1172 1195 
1196 1173 1195 
1241 1200 1240 
1280 1241 1240 
1555 1556 1521 
1520 1555 1521 
1526 1509 1508 
1508 1478 1507 
1503 1520 1521 
87 88 1085 
1084 1110 1085 
1453 1484 1485 
934 933 951 
952 934 951 
2141 2128 2140 
1145 1144 1175 
2114 2113 2140 
994 1009 1010 
2128 2114 2140 
1270 1271 1231 
1728 1826 1729 
1730 1697 1729 
1889 1890 1781 
119 120 898 
1780 1889 1781 
437 422 438 
2105 2106 2096 
1496 36 1489 
1495 1496 1489 
1488 1495 1489 
36 37 1489 
731 986 732 
1384 1360 1383 
120 121 910 
516 731 732 
156 516 732 
155 156 732 
898 120 910 
1770 1879 1771 
457 437 438 
73 74 1564 
74 1687 1564 
1517 1552 1518 
1519 1501 1518 
1553 1519 1518 
1552 1553 1518 
123 124 977 
958 123 977 
978 958 977 
1885 1967 1886 
124 995 977 
1881 1773 1772 
1826 1728 1825 
458 457 438 
439 458 438 
1820 1855 1819 
1437 1449 1450 
568 552 567 
582 568 567 
581 582 567 
1627 1798 1799 
1628 1627 1799 
1800 1628 1799 
1798 2060 1799 
1495 1535 1536 
1496 1495 1536 
1537 1496 1536 
1545 1537 1536 
1137 1136 1167 
1168 1137 1167 
1190 1168 1167 
1189 1190 1167 
1166 1189 1167 
1136 1166 1167 
1963 1955 1956 
1695 1694 1621 
1622 1695 1621 
1714 1622 1621 
1713 1714 1621 
1630 1462 1461 
1629 1630 1461 
39 1439 1452 
38 39 1452 
995 125 1017 
2057 2008 2007 
2026 2006 2007 
2027 2026 2007 
2008 2027 2007 
389 509 510 
390 389 510 
2083 2082 2110 
2111 2083 2110 
2027 1925 2026 
1776 1885 1777 
552 551 567 
699 686 685 
698 699 685 
1886 1778 1777 
1885 1886 1777 
2115 2128 2129 
2116 2115 2129 
2130 2116 2129 
2142 2130 2129 
2141 2142 2129 
2128 2141 2129 
818 817 822 
881 909 895 
1882 1773 1881 
1213 1212 1254 
351 471 352 
1878 1869 1879 
1770 1878 1879 
1803 1804 1632 
1996 1912 1991 
1884 1776 1775 
2046 1996 1991 
1402 1428 1403 
1378 1402 1403 
1838 1743 1837 
1146 1176 1177 
1147 1146 1177 
1739 1833 1834 
1740 1739 1834 
1636 1591 1590 
1626 1636 1590 
1546 1545 1590 
1591 1546 1590 
2088 2116 2099 
2116 2117 2099 
1213 1160 1212 
1159 1211 1212 
1160 1159 1212 
684 698 685 
667 684 685 
1370 1343 1369 
1368 1378 1369 
982 981 1000 
1001 982 1000 
2014 2013 2082 
1023 1001 1000 
731 730 985 
986 731 985 
1856 1855 1820 
668 667 685 
1171 1140 1170 
686 668 685 
1938 1966 1965 
1929 1928 2041 
1762 1763 1645 
1143 1126 1125 
1142 1143 1125 
1737 1738 1702 
1701 1737 1702 
1652 1700 1701 
530 531 520 
519 530 520 
1669 1663 1664 
1010 1009 1032 
1350 61 1366 
1069 1068 1094 
1367 1350 1366 
45 1349 1359 
44 45 1359 
1363 44 1359 
1349 1358 1359 
1023 1024 1001 
983 982 1001 
2046 2047 1996 
1316 1315 1264 
2069 2138 2070 
2138 2111 2070 
1667 1668 1690 
1566 1565 1690 
1691 1566 1690 
1668 1691 1690 
1473 1505 1476 
1009 994 993 
994 971 993 
512 728 513 
392 512 513 
729 514 513 
728 729 513 
1904 1992 1644 
1423 1420 1421 
2051 2052 2002 
2136 2135 2148 
978 959 958 
122 123 958 
979 998 980 
1756 1851 1757 
29 30 1757 
1648 1649 1671 
498 519 520 
1735 1829 1830 
768 769 724 
1387 1392 1396 
42 1387 1396 
41 42 1396 
1418 41 1396 
2122 2135 2136 
2123 2122 2136 
1144 1145 1127 
1126 1144 1127 
470 389 390 
471 470 390 
770 771 726 
391 471 390 
1559 1611 1560 
1962 1963 1871 
1598 1593 1599 
1547 1598 1599 
1548 1547 1599 
139 140 1950 
1140 1123 1122 
1123 1096 1122 
940 913 939 
1182 1154 1153 
1963 1962 1955 
1292 1261 1293 
1137 1168 1138 
1120 1137 1138 
1003 1025 1026 
1760 1855 1856 
1142 1172 1173 
1143 1142 1173 
1174 1143 1173 
1196 1174 1173 
499 498 520 
1770 1769 1878 
1224 1225 922 
921 1224 922 
773 921 922 
1225 923 922 
1669 1691 1668 
1663 1669 1668 
1720 1719 1755 
1756 1720 1755 
1850 1756 1755 
1849 1850 1755 
1754 1849 1755 
1719 1754 1755 
1961 1960 1953 
1531 1513 1530 
1595 1596 1601 
1339 1330 1329 
1338 1339 1329 
58 1338 1329 
57 58 1329 
1323 57 1329 
1330 1323 1329 
142 143 2020 
1290 82 1250 
1289 1290 1250 
1249 1289 1250 
1209 1249 1250 
83 1209 1250 
82 83 1250 
836 827 835 
852 836 835 
1352 1339 1338 
1351 1352 1338 
1334 1351 1338 
59 1334 1338 
58 59 1338 
17 1798 1627 
16 17 1627 
1021 998 1020 
997 1019 1020 
998 997 1020 
106 107 812 
813 106 812 
815 813 812 
110 815 812 
109 110 812 
107 109 812 
2124 2107 2106 
2123 2124 2106 
2105 2123 2106 
2085 2112 2113 
836 852 853 
837 836 853 
861 862 850 
849 861 850 
833 849 850 
128 129 1112 
77 78 1638 
1659 77 1638 
521 499 520 
84 1186 1209 
83 84 1209 
1744 1838 1839 
1745 1744 1839 
1353 1339 1352 
531 521 520 
114 115 833 
115 849 833 
815 818 819 
813 815 819 
1217 1218 1187 
1123 1097 1096 
1101 1102 1076 
1075 1101 1076 
1030 1075 1076 
1601 1596 1602 
2112 2111 2138 
1617 1618 1684 
1683 1617 1684 
1581 1683 1684 
25 2000 2050 
24 25 2050 
149 150 1312 
1733 149 1312 
1576 1678 1679 
1735 1700 1699 
1651 1650 1699 
1700 1651 1699 
43 1363 1387 
42 43 1387 
392 391 512 
118 119 884 
119 898 884 
1775 1774 1883 
1884 1775 1883 
1774 1882 1883 
161 162 273 
1315 1316 1256 
2043 2092 2044 
2092 2093 2044 
894 909 881 
878 894 881 
1110 1084 1109 
1155 1110 1109 
1154 1155 1109 
76 1659 1665 
75 76 1665 
1687 75 1665 
1581 1614 1580 
1683 1581 1580 
2076 2075 2126 
2127 2076 2126 
1200 1241 1201 
2115 2088 2087 
2114 2115 2087 
1175 1198 1176 
1145 1175 1176 
1146 1145 1176 
2130 2143 2131 
2117 2130 2131 
2118 2117 2131 
2132 2118 2131 
1608 1607 1574 
1676 1677 1574 
164 2 187 
2 3 187 
1636 1719 1720 
1637 1636 1720 
1925 2028 1939 
1938 1925 1939 
1966 1938 1939 
1967 1966 1939 
1119 1137 1120 
2028 1925 2027 
2008 2028 2027 
515 514 730 
731 515 730 
514 729 730 
17 18 1798 
1737 1831 1832 
1738 1737 1832 
1833 1738 1832 
2130 2142 2143 
25 26 2000 
1718 1717 1753 
1754 1718 1753 
627 628 610 
1334 1350 1351 
2014 2082 2083 
1267 1268 1218 
1217 1267 1218 
1063 1225 1062 
1225 1224 1062 
1987 1986 1812 
1901 1987 1812 
1986 1811 1812 
103 104 820 
60 1350 1334 
59 60 1334 
54 55 1317 
52 54 1317 
1318 52 1317 
1320 1318 1317 
1850 1851 1756 
1223 1224 921 
920 1223 921 
1733 1994 1995 
148 1733 1995 
147 148 1995 
1569 1693 1570 
1604 1603 1570 
1571 1604 1570 
609 627 610 
1604 1553 1552 
1603 1604 1552 
1858 1857 1822 
60 61 1350 
2141 2066 2142 
1458 1498 1467 
1637 1591 1636 
1626 1719 1636 
2058 2008 2057 
10 11 675 
765 676 675 
1361 1384 1385 
1384 1390 1385 
1743 1838 1744 
770 769 918 
1318 1320 1321 
51 1318 1321 
50 51 1321 
1569 1568 1693 
997 998 979 
978 997 979 
887 871 870 
959 978 979 
35 1496 1537 
34 35 1537 
1546 34 1537 
1545 1546 1537 
1054 1297 1298 
1055 1054 1298 
1299 1055 1298 
1464 1299 1298 
1651 1673 1650 
135 136 1765 
1155 1156 1110 
137 138 1865 
255 256 264 
263 255 264 
105 106 813 
5 6 290 
1658 1707 1615 
1681 1658 1615 
1056 1055 1299 
1342 1341 1355 
1300 1056 1299 
1548 1514 1490 
1547 1548 1490 
70 1547 1490 
69 70 1490 
1497 69 1490 
1514 1497 1490 
765 766 676 
1144 1143 1174 
1175 1144 1174 
1439 1418 1438 
1437 1450 1438 
160 161 295 
65 66 1422 
1420 1423 1422 
1739 1738 1833 
515 731 516 
557 515 516 
157 557 516 
156 157 516 
1642 1901 1902 
193 195 194 
943 942 966 
1869 1960 1961 
1301 1057 1300 
1057 1056 1300 
470 471 351 
1136 1119 1118 
33 1546 1591 
32 33 1591 
8 9 506 
1637 32 1591 
71 1598 1547 
70 71 1547 
843 1054 1055 
844 843 1055 
1056 844 1055 
1607 1608 1556 
1555 1607 1556 
1933 1920 1921 
1206 1247 1207 
1483 1513 1484 
628 611 610 
1967 1885 1966 
1674 1673 1651 
1652 1674 1651 
1700 1652 1651 
870 871 861 
871 862 861 
843 844 767 
766 843 767 
923 1225 1226 
1225 1063 1226 
844 768 767 
157 158 557 
514 515 557 
40 1418 1439 
39 40 1439 
1676 1654 1677 
144 145 2051 
1051 1294 1295 
1628 1800 1629 
1593 1564 1565 
1515 1497 1514 
1272 1271 412 
51 52 1318 
897 896 933 
934 897 933 
126 127 1046 
1144 1126 1143 
94 95 934 
952 94 934 
95 897 934 
427 1272 412 
1649 1648 1697 
43 44 1363 
1754 1719 1718 
1625 1717 1718 
1626 1625 1718 
1719 1626 1718 
428 427 412 
413 428 412 
1271 413 412 
783 780 779 
782 783 779 
778 782 779 
759 778 779 
760 759 779 
780 760 779 
1850 1849 806 
807 1850 806 
805 807 806 
802 805 806 
803 802 806 
1849 803 806 
1350 1367 301 
1351 1350 301 
1352 1351 301 
302 1352 301 
1368 302 301 
1367 1368 301 
377 397 396 
376 377 396 
395 376 396 
408 395 396 
553 541 540 
552 553 540 
539 552 540 
524 539 540 
340 349 348 
339 340 348 
347 339 348 
361 347 348 
362 361 348 
349 362 348 
575 592 603 
604 575 603 
178 179 167 
275 191 194 
276 275 194 
592 602 603 
686 700 687 
669 686 687 
332 323 324 
333 332 324 
325 333 324 
319 325 324 
318 319 324 
323 318 324 
436 420 421 
437 436 421 
422 437 421 
407 422 421 
406 407 421 
420 406 421 
804 805 801 
800 804 801 
796 800 801 
797 796 801 
802 797 801 
805 802 801 
636 634 652 
653 636 652 
673 653 652 
672 673 652 
651 672 652 
634 651 652 
1353 1352 302 
1343 1353 302 
1369 1343 302 
1368 1369 302 
558 573 559 
545 558 559 
546 545 559 
560 546 559 
574 560 559 
573 574 559 
1287 1286 479 
467 1287 479 
480 467 479 
1826 1825 523 
496 518 497 
489 496 497 
490 489 497 
498 490 497 
519 498 497 
518 519 497 
475 466 469 
476 475 469 
481 476 469 
468 481 469 
465 468 469 
466 465 469 
500 521 522 
501 500 522 
523 501 522 
533 523 522 
532 533 522 
521 532 522 
499 500 492 
491 499 492 
483 491 492 
484 483 492 
493 484 492 
500 493 492 
354 341 342 
355 354 342 
343 355 342 
335 343 342 
334 335 342 
341 334 342 
382 403 402 
381 382 402 
401 381 402 
416 401 402 
417 416 402 
403 417 402 
689 671 688 
702 689 688 
569 553 568 
583 569 568 
582 583 568 
553 552 568 
538 534 537 
549 538 537 
548 549 537 
536 548 537 
533 536 537 
534 533 537 
370 380 369 
360 370 369 
359 360 369 
358 359 369 
368 358 369 
380 368 369 
383 403 382 
371 383 382 
370 371 382 
381 370 382 
528 527 543 
544 528 543 
556 544 543 
555 556 543 
542 555 543 
527 542 543 
422 408 423 
424 439 423 
256 265 264 
626 627 609 
1781 626 609 
462 1781 609 
456 455 436 
437 456 436 
435 420 436 
455 435 436 
449 448 445 
430 449 445 
429 430 445 
428 429 445 
444 428 445 
447 444 445 
448 447 445 
319 318 314 
315 319 314 
311 315 314 
310 311 314 
313 310 314 
318 313 314 
466 1819 464 
465 466 464 
463 465 464 
1818 463 464 
1819 1818 464 
491 482 490 
498 491 490 
487 489 490 
482 487 490 
1827 534 538 
1828 1827 538 
550 1828 538 
549 550 538 
1281 1280 524 
374 364 375 
394 374 375 
395 394 375 
376 395 375 
365 376 375 
364 365 375 
346 345 337 
338 346 337 
330 338 337 
1265 330 337 
1266 1265 337 
345 1266 337 
407 408 422 
315 312 316 
320 315 316 
321 320 316 
1769 321 316 
1768 1769 316 
312 1768 316 
674 660 653 
673 674 653 
637 636 653 
654 637 653 
660 654 653 
672 690 673 
691 674 673 
690 691 673 
699 712 700 
686 699 700 
641 622 640 
657 641 640 
656 657 640 
1781 1782 626 
1782 1783 626 
639 656 640 
621 639 640 
622 621 640 
802 798 797 
791 796 797 
1846 1845 789 
792 791 797 
798 792 797 
778 781 782 
789 783 782 
788 789 782 
781 788 782 
444 427 428 
413 429 428 
671 672 651 
650 671 651 
633 650 651 
634 633 651 
433 418 434 
453 433 434 
454 453 434 
435 454 434 
419 435 434 
418 419 434 
723 733 712 
711 723 712 
699 711 712 
644 1784 666 
645 644 666 
646 645 666 
667 646 666 
684 667 666 
1785 684 666 
1784 1785 666 
1273 1272 427 
443 1273 427 
444 443 427 
1842 752 761 
1843 1842 761 
780 1843 761 
760 780 761 
751 760 761 
752 751 761 
645 627 644 
1783 1784 644 
626 1783 644 
627 626 644 
407 394 395 
408 407 395 
474 393 811 
159 474 811 
158 159 811 
557 158 811 
514 557 811 
393 514 811 
523 1825 501 
1825 1824 501 
385 374 394 
406 385 394 
407 406 394 
746 735 734 
745 746 734 
733 745 734 
735 714 734 
585 586 571 
570 585 571 
555 570 571 
556 555 571 
367 378 377 
366 367 377 
376 366 377 
378 397 377 
1844 780 783 
1845 1844 783 
789 1845 783 
623 622 641 
642 623 641 
656 663 657 
1259 1258 307 
1258 1765 307 
1765 1766 307 
345 359 358 
1267 345 358 
1268 1267 358 
1263 1262 317 
368 1268 358 
298 296 299 
623 298 299 
622 623 299 
439 459 458 
1823 1822 484 
297 622 299 
456 437 457 
296 297 299 
361 362 372 
371 361 372 
383 371 372 
384 383 372 
373 384 372 
362 373 372 
360 361 371 
370 360 371 
521 500 499 
491 498 499 
442 462 461 
441 442 461 
460 441 461 
288 620 293 
578 606 607 
287 288 293 
292 287 293 
564 550 549 
563 564 549 
548 563 549 
754 744 753 
762 754 753 
1792 762 753 
1791 1792 753 
1790 1791 753 
744 1790 753 
381 380 370 
582 596 583 
584 569 583 
597 584 583 
596 597 583 
487 476 481 
480 487 481 
468 480 481 
1792 1793 762 
763 754 762 
624 623 642 
643 624 642 
659 643 642 
1835 1834 659 
1829 1828 550 
565 1829 550 
564 565 550 
672 671 689 
690 672 689 
703 690 689 
702 703 689 
705 706 692 
691 705 692 
674 691 692 
679 674 692 
693 679 692 
706 693 692 
758 778 759 
749 758 759 
750 749 759 
760 750 759 
518 529 519 
529 530 519 
343 336 344 
356 343 344 
357 356 344 
1773 357 344 
1772 1773 344 
336 1772 344 
745 744 754 
755 745 754 
763 755 754 
398 397 378 
1776 398 378 
1775 1776 378 
367 1775 378 
1281 524 503 
1282 1281 503 
504 1282 503 
297 292 293 
1832 1831 608 
625 1832 608 
487 482 476 
477 475 476 
483 477 476 
482 483 476 
405 385 406 
420 405 406 
440 424 425 
441 440 425 
426 441 425 
411 426 425 
317 1262 313 
1262 1261 313 
410 411 425 
424 410 425 
621 297 293 
620 621 293 
440 460 459 
439 440 459 
803 798 802 
660 674 679 
661 660 679 
680 661 679 
693 680 679 
757 776 777 
758 757 777 
778 758 777 
781 778 777 
787 781 777 
786 787 777 
776 786 777 
1847 794 799 
1848 1847 799 
803 1848 799 
798 803 799 
793 798 799 
794 793 799 
1285 1284 485 
1883 1882 809 
810 1883 809 
1965 810 809 
1964 1965 809 
1872 1964 809 
1882 1872 809 
1570 1693 305 
1571 1570 305 
306 1571 305 
1673 306 305 
1672 1673 305 
1693 1672 305 
631 613 630 
648 631 630 
647 648 630 
629 647 630 
612 629 630 
613 612 630 
308 311 310 
1260 308 310 
1261 1260 310 
313 1261 310 
217 218 210 
209 217 210 
205 209 210 
206 205 210 
211 206 210 
636 618 617 
634 636 617 
616 634 617 
400 380 381 
401 400 381 
558 544 556 
542 554 555 
554 570 555 
684 1786 697 
698 684 697 
710 698 697 
1787 710 697 
1786 1787 697 
788 781 787 
793 788 787 
792 793 787 
786 792 787 
384 373 385 
405 384 385 
373 374 385 
364 363 354 
355 364 354 
349 341 354 
363 349 354 
218 211 210 
280 272 274 
452 433 453 
1425 1407 304 
1407 1471 304 
1471 1432 304 
1432 1426 304 
1426 1425 304 
281 280 274 
275 281 274 
637 619 618 
636 637 618 
1851 1850 807 
808 1851 807 
1814 808 807 
1289 1288 465 
805 1814 807 
600 587 586 
599 600 586 
585 599 586 
454 435 455 
195 276 194 
255 263 254 
247 255 254 
794 789 788 
1787 1788 710 
793 794 788 
246 247 254 
1826 523 534 
633 616 615 
632 633 615 
614 632 615 
602 588 601 
1827 1826 534 
587 600 601 
588 587 601 
544 558 545 
529 544 545 
530 529 545 
546 530 545 
489 487 486 
488 489 486 
485 488 486 
487 480 486 
528 544 529 
518 528 529 
309 311 308 
307 309 308 
1259 307 308 
1260 1259 308 
1785 1786 684 
698 711 699 
1816 1852 808 
1815 1816 808 
1814 1815 808 
1852 1851 808 
578 565 564 
577 578 564 
563 577 564 
592 575 561 
574 592 561 
560 574 561 
547 560 561 
562 547 561 
575 562 561 
346 359 345 
1267 1266 345 
643 625 624 
735 746 747 
736 735 747 
748 736 747 
757 748 747 
756 757 747 
746 756 747 
599 585 598 
253 246 254 
262 253 254 
263 262 254 
584 597 598 
585 584 598 
638 619 637 
654 638 637 
320 319 315 
639 621 620 
311 312 315 
1813 1814 805 
804 1813 805 
554 553 569 
570 554 569 
584 570 569 
694 680 693 
707 694 693 
706 707 693 
629 628 646 
647 629 646 
667 647 646 
628 645 646 
441 426 442 
1780 462 442 
1779 1780 442 
426 1779 442 
638 620 619 
662 681 663 
656 662 663 
681 682 663 
325 320 328 
334 325 328 
335 334 328 
329 335 328 
321 329 328 
320 321 328 
1830 1829 565 
698 710 711 
722 723 711 
710 722 711 
404 403 383 
384 404 383 
594 581 580 
593 594 580 
1276 593 580 
1277 1276 580 
415 430 429 
1797 1813 804 
414 415 429 
413 414 429 
414 400 401 
415 414 401 
416 415 401 
1275 1274 446 
219 226 227 
599 219 227 
444 447 446 
443 444 446 
1274 443 446 
667 668 647 
668 648 647 
717 705 704 
716 717 704 
703 716 704 
690 703 704 
691 690 704 
705 691 704 
1674 1572 306 
1572 1571 306 
736 715 735 
715 714 735 
1673 1674 306 
440 441 460 
1777 1778 411 
582 595 596 
600 599 227 
268 600 227 
177 176 173 
334 333 325 
319 320 325 
743 733 723 
742 743 723 
722 742 723 
501 493 500 
1884 1883 810 
1885 1884 810 
1966 1885 810 
1965 1966 810 
1849 1848 803 
1780 1781 462 
786 791 792 
798 793 792 
682 696 683 
1836 665 683 
1837 1836 683 
696 1837 683 
480 468 467 
1288 1287 467 
465 1288 467 
468 465 467 
331 330 322 
323 331 322 
317 323 322 
1263 317 322 
1264 1263 322 
330 1264 322 
420 435 419 
405 420 419 
485 1284 502 
1284 1283 502 
404 405 419 
418 404 419 
430 431 450 
1274 1273 443 
449 430 450 
602 269 270 
431 451 450 
1796 1797 800 
1797 804 800 
578 577 606 
278 602 270 
271 278 270 
577 605 606 
340 339 332 
333 340 332 
331 323 332 
338 331 332 
339 338 332 
1767 1768 312 
1376 1377 303 
1377 1368 303 
1368 1367 303 
1367 1365 303 
1365 1376 303 
309 1767 312 
311 309 312 
1844 1843 780 
628 629 611 
629 612 611 
705 718 706 
755 763 775 
756 755 775 
776 756 775 
742 1790 744 
743 742 744 
745 743 744 
577 563 576 
605 577 576 
604 605 576 
575 604 576 
562 575 576 
563 562 576 
588 574 573 
1771 1772 336 
587 588 573 
639 655 656 
335 336 343 
356 355 343 
1838 1837 696 
709 1838 696 
695 709 696 
682 695 696 
661 680 662 
655 661 662 
656 655 662 
680 681 662 
365 364 355 
356 365 355 
602 592 588 
592 574 588 
585 570 584 
758 748 757 
756 776 757 
548 536 547 
562 548 547 
535 560 547 
655 654 661 
536 535 547 
415 431 430 
1833 625 643 
1834 1833 643 
659 1834 643 
418 417 403 
404 418 403 
439 424 440 
534 523 533 
532 536 533 
717 738 718 
705 717 718 
738 739 718 
329 336 335 
341 340 333 
553 554 541 
334 341 333 
721 708 720 
741 721 720 
740 741 720 
708 707 720 
709 708 721 
1839 709 721 
307 1766 309 
1766 1767 309 
1840 1839 721 
741 1840 721 
174 177 173 
1276 1275 593 
681 694 695 
682 681 695 
708 709 695 
694 708 695 
433 417 418 
1789 1790 742 
722 1789 742 
488 495 496 
489 488 496 
517 518 496 
495 517 496 
755 756 746 
745 755 746 
485 502 488 
531 530 546 
502 495 488 
517 528 518 
269 268 270 
279 284 278 
750 738 749 
748 758 749 
539 551 552 
483 482 491 
366 357 367 
1774 1775 367 
357 1774 367 
752 741 740 
751 752 740 
739 751 740 
694 681 680 
404 384 405 
505 504 526 
527 505 526 
542 527 526 
541 542 526 
1788 1789 722 
710 1788 722 
363 364 374 
373 363 374 
347 359 346 
339 347 346 
338 339 346 
416 431 415 
628 627 645 
633 634 616 
317 313 318 
323 317 318 
1839 1838 709 
715 716 703 
702 715 703 
648 649 631 
614 613 631 
632 614 631 
649 632 631 
341 349 340 
1841 741 752 
1842 1841 752 
1820 1819 466 
475 1820 466 
541 554 542 
535 546 560 
271 279 278 
410 397 398 
411 410 398 
1777 411 398 
1776 1777 398 
1279 551 539 
1280 1279 539 
524 1280 539 
362 363 373 
715 736 716 
1771 336 329 
1770 1771 329 
321 1770 329 
581 595 582 
751 739 750 
760 751 750 
739 738 750 
495 502 494 
505 495 494 
504 505 494 
1282 504 494 
1283 1282 494 
502 1283 494 
603 602 278 
707 708 694 
1823 484 493 
1824 1823 493 
501 1824 493 
1836 1835 665 
1279 1278 551 
1835 659 665 
535 536 532 
531 535 532 
521 531 532 
1769 1770 321 
1289 465 463 
1290 1289 463 
1817 1290 463 
1818 1817 463 
1847 1846 794 
1846 789 794 
527 528 517 
505 527 517 
495 505 517 
356 357 366 
365 356 366 
376 365 366 
1833 1832 625 
1841 1840 741 
284 603 278 
619 620 288 
654 655 638 
655 639 638 
639 620 638 
581 594 595 
715 702 714 
331 338 330 
1265 1264 330 
380 400 379 
368 380 379 
1269 1268 368 
1269 368 379 
1270 1269 379 
745 733 743 
1821 475 477 
1822 1821 477 
484 1822 477 
483 484 477 
668 686 669 
648 668 669 
649 648 669 
1821 1820 475 
361 360 347 
360 359 347 
632 650 633 
1773 1774 357 
562 563 548 
411 1778 426 
1778 1779 426 
531 546 535 
661 654 660 
632 649 650 
363 362 349 
800 796 795 
1796 800 795 
1795 1796 795 
283 619 288 
282 283 288 
287 282 288 
461 462 228 
230 461 228 
229 230 228 
610 229 228 
609 610 228 
462 609 228 
458 459 236 
203 207 208 
204 203 208 
209 204 208 
216 209 208 
213 216 208 
207 213 208 
457 240 245 
455 456 249 
456 457 245 
249 456 245 
253 249 245 
246 253 245 
240 246 245 
594 593 197 
199 594 197 
198 199 197 
196 198 197 
593 196 197 
256 255 248 
243 256 248 
238 243 248 
242 238 248 
247 242 248 
255 247 248 
450 451 207 
453 259 220 
452 453 220 
221 452 220 
171 174 173 
286 287 292 
291 286 292 
296 291 292 
297 296 292 
261 249 253 
262 261 253 
260 249 261 
259 260 261 
222 171 173 
276 283 282 
275 276 282 
281 275 282 
287 281 282 
625 608 300 
624 625 300 
298 624 300 
607 298 300 
608 607 300 
201 199 198 
200 201 198 
448 200 198 
447 448 198 
196 447 198 
216 217 209 
205 204 209 
454 455 260 
259 454 260 
455 249 260 
613 239 235 
612 613 235 
231 612 235 
234 231 235 
238 234 235 
239 238 235 
237 234 242 
241 237 242 
247 241 242 
234 238 242 
204 201 200 
203 204 200 
449 203 200 
448 449 200 
216 224 217 
225 218 217 
224 225 217 
