0.000000000000000000e+00 -4.835741457589851633e-01
-8.915837885155510761e-03 -4.836589610588060140e-01
-3.024723916253160144e-02 -4.829893979115084668e-01
-5.150470004576922223e-02 -4.810875373067752814e-01
-7.263607562435467346e-02 -4.779552241649906996e-01
-9.358958503762661307e-02 -4.735979363269032238e-01
-1.143139708651889352e-01 -4.680247925448546287e-01
-1.347586545325166474e-01 -4.612485380123046985e-01
-1.548738859597047490e-01 -4.532855072872386537e-01
-1.746108857553259341e-01 -4.441555649524664973e-01
-1.939219784021507798e-01 -4.338820248479602903e-01
-2.127607150954962112e-01 -4.224915491805548706e-01
-2.310819851708717787e-01 -4.100140292390205832e-01
-2.488421153828865029e-01 -3.964824497957527560e-01
-2.659989566556641427e-01 -3.819327395437147055e-01
-2.825119582975755828e-01 -3.664036100892852921e-01
-2.983422300406317618e-01 -3.499363860960423844e-01
-3.134525926091785708e-01 -3.325748291559766923e-01
-3.278076178279070718e-01 -3.143649578638791908e-01
-3.413736595335694068e-01 -2.953548664027967341e-01
-3.541188767504093726e-01 -2.755945437312077306e-01
-3.660132507229832965e-01 -2.551356952141658474e-01
-3.770285974729086775e-01 -2.340315682779467443e-01
-3.871385775630883375e-01 -2.123367834044176949e-01
-3.963187047217934245e-01 -1.901071715267927398e-01
-4.045463549089269861e-01 -1.673996186469042802e-01
-4.118007773071815092e-01 -1.442719182648482812e-01
-4.180631085997643104e-01 -1.207826319897818967e-01
-4.233163917595232917e-01 -9.699095847782193691e-02
-4.275456004239980845e-01 -7.295661061054885266e-02
-4.307376697658729103e-01 -4.873970057797584465e-02
-4.328815345840184570e-01 -2.440063225885946013e-02
-4.339681751299073742e-01 0.000000000000000000e+00
-4.341074857260501241e-01 1.023518521934498396e-02
-4.336822320134798292e-01 3.461899703583441040e-02
-4.321867380580520779e-01 5.891756589084932300e-02
-4.296194327683009462e-01 8.307035309515432842e-02
-4.259810858967718605e-01 1.070170373531142832e-01
-4.212748922671379348e-01 1.306976092673432510e-01
-4.155065594857775824e-01 1.540524713635490761e-01
-4.086843969791107978e-01 1.770225458014890174e-01
-4.008194038068959020e-01 1.995493917108799586e-01
-3.919253523744389844e-01 2.215753337314119442e-01
-3.820188649322172614e-01 2.430436028530990056e-01
-3.711194796355551939e-01 2.638984900666032640e-01
-3.592497029594819424e-01 2.840855126715318146e-01
-3.464350454359885756e-01 3.035515923898671198e-01
-3.327040380035642397e-01 3.222452437321955965e-01
-3.180882267217214898e-01 3.401167704083788434e-01
-3.026221441846264626e-01 3.571184670023008212e-01
-2.863432566361061027e-01 3.732048226779244304e-01
-2.692918865034566456e-01 3.883327233788388955e-01
-2.515111107849521965e-01 4.024616488431551065e-01
-2.330466364000220170e-01 4.155538607854464273e-01
-2.139466541991300874e-01 4.275745787902950901e-01
-1.942616737971186724e-01 4.384921407988222608e-01
-1.740443417147578553e-01 4.482781455212329624e-01
-1.533492454775710612e-01 4.569075746387036840e-01
-1.322327063325260954e-01 4.643588932275821701e-01
-1.107525631199358096e-01 4.706141274096121707e-01
-8.896794960993462120e-02 4.756589187707321864e-01
-6.693906731840315594e-02 4.794825555733311928e-01
-4.472695549777813695e-02 4.820779811984988172e-01
-2.239325969350758685e-02 4.834417805922765488e-01
0.000000000000000000e+00 4.835741457589851633e-01
9.351576012152277781e-03 4.832658124638650743e-01
3.172277002041191257e-02 4.816598913374365298e-01
5.400345060473558251e-02 4.788375315680146738e-01
7.613205124395817924e-02 4.748107353656951801e-01
9.804763546584882583e-02 4.695947445133270004e-01
1.196901149118611979e-01 4.632079181112871979e-01
1.410004618210991545e-01 4.556715999146093155e-01
1.619209147664823489e-01 4.470099773011178002e-01
1.823951764161833855e-01 4.372499339445284905e-01
2.023686020746542913e-01 4.264208982536350501e-01
2.217883777837554582e-01 4.145546895696598511e-01
2.406036868332637191e-01 4.016853639856861058e-01
2.587658636344742358e-01 3.878490614678592463e-01
2.762285340415022161e-01 3.730838557267731614e-01
2.929477413527024621e-01 3.574296080229634187e-01
3.088820573811994485e-01 3.409278258097003245e-01
3.239926781431458069e-01 3.236215268374290077e-01
3.382435038720988385e-01 3.055551090844140782e-01
3.516012032275633858e-01 2.867742266520446615e-01
3.640352617270245505e-01 2.673256715814803508e-01
3.755180145964763794e-01 2.472572614168606908e-01
3.860246644074217248e-01 2.266177322601445332e-01
3.955332840505257908e-01 2.054566370299807654e-01
4.040248057877936505e-01 1.838242486438230738e-01
4.114829973242342120e-01 1.617714678774710979e-01
4.178944260417616907e-01 1.393497357059108321e-01
4.232484127352487691e-01 1.166109499795206783e-01
4.275369763735999973e-01 9.360738632684235949e-02
4.307547715662412569e-01 7.039162318762789972e-02
4.328990205356905152e-01 4.701647085943158610e-02
4.339694414684723278e-01 2.353490438335841678e-02
4.339681751299073742e-01 0.000000000000000000e+00
4.336515648513832311e-01 -9.827901976085504088e-03
4.321394674197722163e-01 -3.334740610483751672e-02
4.295704234576246949e-01 -5.679188229367055502e-02
4.259543138518516736e-01 -8.010834970531389987e-02
4.213031407242734949e-01 -1.032439777857283997e-01
4.156309720352867609e-01 -1.261461412969462903e-01
4.089538925728533059e-01 -1.487624769287862470e-01
4.012899614480625599e-01 -1.710409427098212032e-01
3.926591758539986765e-01 -1.929298814457007238e-01
3.830834404987047415e-01 -2.143780893687525779e-01
3.725865418110685945e-01 -2.353348910875684707e-01
3.611941257534511673e-01 -2.557502217830241453e-01
3.489336778668263861e-01 -2.755747174144525524e-01
3.358345040297101014e-01 -2.947598134849013229e-01
3.219277103343084478e-01 -3.132578526770662952e-01
3.072461804717301348e-01 -3.310222014214942998e-01
2.918245490691716015e-01 -3.480073752056256353e-01
2.756991695292036471e-01 -3.641691721849781849e-01
2.589080750757901117e-01 -3.794648144237744991e-01
2.414909319027612467e-01 -3.938530958773598378e-01
2.234889835364180510e-01 -4.072945360366954093e-01
2.049449857527370078e-01 -4.197515379877299058e-01
1.859031316199717676e-01 -4.311885494951417930e-01
1.664089664595333751e-01 -4.415722255985289890e-01
1.465092927245962851e-01 -4.508715911059794634e-01
1.262520649826488206e-01 -4.590582012808658852e-01
1.056862753543622857e-01 -4.661062989388992106e-01
8.486182990905423440e-02 -4.719929661016790123e-01
6.382941665168392897e-02 -4.766982682904921109e-01
4.264036586425575676e-02 -4.802053894935467970e-01
2.134650369231572142e-02 -4.825007558083561077e-01
